vertex,out-degree
0,11
1,5
2,4
3,7
4,11
5,5
6,9
7,4
8,12
9,5
10,7
11,3
12,8
13,9
14,6
15,6
16,5
17,6
18,6
19,2
20,4
21,4
22,8
23,9
24,2
25,4
26,8
27,9
28,9
29,5
30,5
31,4
32,3
33,7
34,11
35,7
36,5
37,4
38,9
39,7
40,5
41,3
42,4
43,5
44,7
45,5
46,3
47,5
48,6
49,11
50,12
51,4
52,11
53,4
54,6
55,13
56,5
57,4
58,6
59,3
60,7
61,5
62,6
63,7
64,11
65,6
66,6
67,7
68,3
69,4
70,7
71,10
72,9
73,7
74,8
75,9
76,8
77,8
78,5
79,7
80,9
81,8
82,6
83,11
84,13
85,4
86,6
87,3
88,5
89,7
90,12
91,5
92,10
93,8
94,5
95,9
96,6
97,8
98,8
99,6
100,6
101,6
102,4
103,10
104,5
105,5
106,6
107,4
108,5
109,4
110,10
111,5
112,5
113,9
114,6
115,11
116,3
117,7
118,7
119,4
120,5
121,10
122,11
123,9
124,6
125,3
126,9
127,4
128,12
129,5
130,10
131,5
132,7
133,3
134,1
135,5
136,4
137,8
138,6
139,8
140,12
141,9
142,5
143,5
144,9
145,8
146,2
147,4
148,9
149,12
150,6
151,6
152,9
153,10
154,9
155,7
156,11
157,8
158,4
159,6
160,8
161,3
162,8
163,3
164,13
165,8
166,6
167,11
168,5
169,4
170,9
171,7
172,2
173,9
174,8
175,4
176,5
177,5
178,3
179,8
180,6
181,5
182,7
183,3
184,4
185,3
186,7
187,7
188,10
189,4
190,5
191,9
192,6
193,12
194,8
195,4
196,4
197,7
198,7
199,3
200,5
201,4
202,3
203,4
204,7
205,8
206,10
207,8
208,7
209,6
210,3
211,9
212,8
213,9
214,10
215,6
216,6
217,6
218,15
219,9
220,13
221,6
222,2
223,7
224,2
225,6
226,10
227,5
228,9
229,8
230,7
231,10
232,9
233,7
234,12
235,9
236,8
237,8
238,4
239,3
240,7
241,13
242,14
243,11
244,7
245,9
246,3
247,3
248,7
249,8
250,7
251,10
252,9
253,7
254,9
255,8
256,5
257,7
258,8
259,11
260,10
261,6
262,6
263,9
264,9
265,11
266,7
267,4
268,6
269,4
270,10
271,12
272,3
273,6
274,4
275,6
276,6
277,7
278,5
279,5
280,13
281,7
282,1
283,6
284,12
285,14
286,6
287,4
288,8
289,6
290,4
291,7
292,3
293,11
294,8
295,6
296,10
297,5
298,5
299,7
300,8
301,1
302,6
303,9
304,7
305,6
306,9
307,9
308,5
309,5
310,6
311,2
312,9
313,4
314,3
315,6
316,8
317,7
318,4
319,4
320,6
321,10
322,6
323,4
324,7
325,11
326,9
327,8
328,6
329,8
330,12
331,5
332,8
333,11
334,3
335,5
336,6
337,8
338,12
339,14
340,7
341,5
342,9
343,6
344,5
345,9
346,10
347,7
348,3
349,7
350,10
351,6
352,5
353,7
354,8
355,6
356,5
357,3
358,11
359,6
360,7
361,3
362,5
363,5
364,5
365,15
366,11
367,6
368,3
369,2
370,4
371,2
372,7
373,5
374,5
375,6
376,7
377,9
378,6
379,12
380,8
381,8
382,11
383,4
384,3
385,10
386,4
387,6
388,9
389,10
390,7
391,5
392,8
393,6
394,5
395,5
396,6
397,6
398,4
399,0
400,8
401,6
402,10
403,7
404,5
405,10
406,5
407,6
408,5
409,3
410,8
411,5
412,9
413,8
414,8
415,12
416,7
417,12
418,6
419,5
420,8
421,7
422,7
423,7
424,10
425,8
426,5
427,8
428,6
429,8
430,6
431,7
432,8
433,11
434,7
435,5
436,7
437,4
438,10
439,11
440,7
441,8
442,6
443,5
444,2
445,7
446,8
447,4
448,4
449,11
450,7
451,4
452,4
453,5
454,6
455,8
456,8
457,8
458,10
459,2
460,9
461,7
462,8
463,3
464,7
465,5
466,4
467,5
468,12
469,9
470,8
471,10
472,10
473,10
474,5
475,6
476,9
477,7
478,5
479,7
480,5
481,8
482,6
483,6
484,8
485,3
486,5
487,10
488,7
489,4
490,4
491,2
492,7
493,7
494,12
495,8
496,6
497,8
498,11
499,8
500,2
501,7
502,7
503,9
504,4
505,9
506,6
507,6
508,6
509,7
510,9
511,8
512,4
513,9
514,8
515,11
516,6
517,5
518,9
519,12
520,8
521,7
522,5
523,8
524,10
525,7
526,12
527,6
528,9
529,8
530,7
531,5
532,6
533,6
534,7
535,7
536,4
537,12
538,7
539,6
540,6
541,7
542,7
543,3
544,7
545,7
546,4
547,8
548,5
549,10
550,9
551,3
552,6
553,6
554,4
555,7
556,8
557,11
558,6
559,8
560,8
561,5
562,8
563,9
564,10
565,11
566,9
567,3
568,6
569,6
570,4
571,11
572,4
573,2
574,7
575,8
576,4
577,10
578,4
579,6
580,10
581,7
582,10
583,9
584,7
585,8
586,7
587,6
588,4
589,11
590,6
591,5
592,8
593,9
594,7
595,5
596,6
597,2
598,7
599,7
600,9
601,6
602,11
603,5
604,12
605,6
606,15
607,9
608,4
609,6
610,4
611,3
612,7
613,3
614,8
615,4
616,10
617,10
618,9
619,9
620,10
621,4
622,5
623,8
624,5
625,12
626,9
627,14
628,9
629,10
630,13
631,3
632,8
633,10
634,10
635,7
636,3
637,8
638,10
639,9
640,11
641,6
642,7
643,5
644,6
645,6
646,6
647,5
648,6
649,5
650,6
651,6
652,5
653,6
654,7
655,12
656,8
657,4
658,5
659,4
660,3
661,4
662,3
663,10
664,7
665,9
666,7
667,4
668,6
669,11
670,5
671,9
672,8
673,8
674,7
675,8
676,4
677,7
678,8
679,8
680,15
681,13
682,10
683,8
684,10
685,7
686,5
687,6
688,9
689,8
690,7
691,6
692,11
693,3
694,6
695,8
696,6
697,5
698,11
699,9
700,6
701,2
702,6
703,7
704,4
705,11
706,5
707,5
708,11
709,7
710,7
711,3
712,7
713,6
714,5
715,7
716,12
717,6
718,7
719,3
720,6
721,7
722,10
723,10
724,7
725,9
726,4
727,5
728,6
729,8
730,5
731,7
732,7
733,7
734,7
735,7
736,7
737,8
738,7
739,4
740,3
741,11
742,6
743,9
744,5
745,5
746,5
747,5
748,2
749,4
750,9
751,11
752,8
753,5
754,3
755,4
756,9
757,9
758,6
759,2
760,12
761,8
762,7
763,6
764,4
765,7
766,9
767,5
768,7
769,8
770,5
771,9
772,8
773,4
774,5
775,2
776,7
777,7
778,7
779,10
780,7
781,2
782,9
783,3
784,4
785,7
786,6
787,6
788,8
789,5
790,3
791,5
792,6
793,8
794,12
795,3
796,11
797,8
798,7
799,8
800,6
801,10
802,6
803,7
804,7
805,6
806,3
807,7
808,5
809,6
810,5
811,9
812,8
813,5
814,9
815,8
816,7
817,7
818,4
819,5
820,13
821,3
822,8
823,5
824,7
825,8
826,11
827,4
828,5
829,9
830,5
831,7
832,7
833,6
834,6
835,6
836,6
837,12
838,11
839,8
840,9
841,8
842,4
843,3
844,9
845,7
846,7
847,2
848,8
849,6
850,5
851,2
852,6
853,1
854,15
855,6
856,3
857,4
858,4
859,8
860,4
861,4
862,5
863,12
864,3
865,9
866,4
867,4
868,12
869,10
870,11
871,1
872,7
873,8
874,12
875,7
876,7
877,3
878,9
879,4
880,7
881,4
882,3
883,6
884,11
885,4
886,7
887,6
888,6
889,11
890,3
891,3
892,11
893,7
894,9
895,10
896,7
897,7
898,5
899,3
900,14
901,4
902,6
903,5
904,2
905,7
906,6
907,4
908,7
909,7
910,11
911,8
912,4
913,9
914,6
915,8
916,8
917,8
918,3
919,4
920,5
921,6
922,10
923,6
924,10
925,12
926,6
927,9
928,3
929,6
930,3
931,8
932,8
933,5
934,3
935,5
936,5
937,6
938,7
939,2
940,5
941,6
942,10
943,10
944,7
945,7
946,7
947,3
948,5
949,7
950,7
951,3
952,4
953,9
954,7
955,4
956,8
957,9
958,4
959,4
960,3
961,8
962,8
963,9
964,5
965,4
966,7
967,4
968,6
969,8
970,4
971,5
972,11
973,3
974,5
975,6
976,10
977,9
978,8
979,3
980,5
981,9
982,5
983,6
984,6
985,4
986,12
987,6
988,9
989,3
990,8
991,4
992,11
993,5
994,9
995,6
996,5
997,10
998,7
999,5
1000,9
1001,8
1002,8
1003,5
1004,4
1005,4
1006,8
1007,7
1008,10
1009,8
1010,1
1011,6
1012,13
1013,5
1014,4
1015,12
1016,7
1017,6
1018,13
1019,5
1020,7
1021,9
1022,9
1023,6
1024,9
1025,4
1026,6
1027,7
1028,9
1029,6
1030,3
1031,5
1032,11
1033,7
1034,3
1035,5
1036,4
1037,9
1038,5
1039,5
1040,12
1041,6
1042,5
1043,6
1044,6
1045,9
1046,7
1047,8
1048,12
1049,6
1050,5
1051,4
1052,3
1053,6
1054,5
1055,9
1056,9
1057,8
1058,11
1059,10
1060,8
1061,6
1062,11
1063,8
1064,5
1065,7
1066,3
1067,8
1068,8
1069,10
1070,9
1071,3
1072,5
1073,7
1074,9
1075,5
1076,7
1077,6
1078,7
1079,9
1080,7
1081,6
1082,6
1083,6
1084,6
1085,7
1086,5
1087,7
1088,5
1089,12
1090,5
1091,6
1092,9
1093,13
1094,4
1095,7
1096,11
1097,10
1098,8
1099,10
1100,8
1101,6
1102,14
1103,7
1104,4
1105,10
1106,8
1107,3
1108,12
1109,7
1110,6
1111,7
1112,9
1113,12
1114,8
1115,6
1116,7
1117,2
1118,7
1119,13
1120,8
1121,9
1122,10
1123,2
1124,7
1125,10
1126,6
1127,6
1128,5
1129,9
1130,12
1131,4
1132,8
1133,10
1134,5
1135,5
1136,7
1137,2
1138,1
1139,7
1140,3
1141,8
1142,8
1143,5
1144,11
1145,12
1146,8
1147,9
1148,8
1149,9
1150,5
1151,7
1152,10
1153,8
1154,8
1155,11
1156,7
1157,2
1158,2
1159,8
1160,5
1161,5
1162,5
1163,8
1164,5
1165,7
1166,9
1167,5
1168,4
1169,7
1170,10
1171,8
1172,6
1173,3
1174,4
1175,6
1176,6
1177,7
1178,7
1179,7
1180,6
1181,8
1182,5
1183,6
1184,10
1185,8
1186,6
1187,10
1188,8
1189,8
1190,5
1191,3
1192,9
1193,10
1194,8
1195,8
1196,6
1197,7
1198,8
1199,8
1200,8
1201,5
1202,9
1203,8
1204,4
1205,10
1206,10
1207,10
1208,8
1209,6
1210,3
1211,11
1212,6
1213,3
1214,11
1215,6
1216,7
1217,5
1218,12
1219,3
1220,2
1221,6
1222,6
1223,7
1224,6
1225,12
1226,5
1227,5
1228,9
1229,7
1230,6
1231,6
1232,12
1233,13
1234,6
1235,11
1236,6
1237,6
1238,5
1239,4
1240,8
1241,4
1242,8
1243,1
1244,12
1245,9
1246,9
1247,7
1248,7
1249,8
1250,6
1251,7
1252,11
1253,8
1254,5
1255,5
1256,8
1257,6
1258,6
1259,6
1260,6
1261,6
1262,7
1263,7
1264,9
1265,8
1266,7
1267,11
1268,5
1269,7
1270,7
1271,10
1272,5
1273,1
1274,7
1275,6
1276,9
1277,6
1278,4
1279,11
1280,7
1281,1
1282,8
1283,5
1284,5
1285,4
1286,8
1287,1
1288,5
1289,6
1290,11
1291,7
1292,5
1293,12
1294,8
1295,8
1296,12
1297,12
1298,7
1299,9
1300,2
1301,5
1302,7
1303,3
1304,8
1305,4
1306,9
1307,7
1308,5
1309,2
1310,5
1311,6
1312,12
1313,6
1314,6
1315,10
1316,9
1317,9
1318,6
1319,5
1320,8
1321,4
1322,11
1323,6
1324,2
1325,14
1326,4
1327,4
1328,4
1329,2
1330,7
1331,4
1332,6
1333,2
1334,10
1335,9
1336,4
1337,9
1338,11
1339,5
1340,4
1341,11
1342,9
1343,4
1344,7
1345,8
1346,5
1347,7
1348,9
1349,9
1350,3
1351,8
1352,6
1353,5
1354,3
1355,6
1356,4
1357,4
1358,9
1359,6
1360,12
1361,7
1362,4
1363,3
1364,5
1365,8
1366,6
1367,8
1368,7
1369,6
1370,11
1371,8
1372,4
1373,11
1374,9
1375,5
1376,7
1377,8
1378,6
1379,5
1380,5
1381,6
1382,11
1383,9
1384,10
1385,7
1386,9
1387,3
1388,4
1389,3
1390,6
1391,9
1392,10
1393,13
1394,4
1395,8
1396,8
1397,7
1398,6
1399,2
1400,6
1401,2
1402,9
1403,10
1404,9
1405,7
1406,7
1407,6
1408,6
1409,3
1410,9
1411,8
1412,14
1413,5
1414,9
1415,7
1416,3
1417,7
1418,10
1419,6
1420,10
1421,10
1422,8
1423,13
1424,8
1425,8
1426,4
1427,8
1428,8
1429,3
1430,12
1431,4
1432,5
1433,9
1434,5
1435,7
1436,9
1437,9
1438,9
1439,5
1440,8
1441,7
1442,5
1443,9
1444,6
1445,6
1446,7
1447,7
1448,5
1449,6
1450,8
1451,1
1452,6
1453,6
1454,4
1455,9
1456,9
1457,4
1458,6
1459,9
1460,4
1461,7
1462,8
1463,2
1464,7
1465,4
1466,7
1467,4
1468,6
1469,6
1470,6
1471,9
1472,2
1473,5
1474,8
1475,15
1476,7
1477,8
1478,7
1479,8
1480,4
1481,4
1482,4
1483,9
1484,11
1485,5
1486,6
1487,12
1488,8
1489,7
1490,9
1491,7
1492,5
1493,6
1494,6
1495,4
1496,6
1497,8
1498,5
1499,4
1500,14
1501,3
1502,9
1503,8
1504,9
1505,7
1506,8
1507,4
1508,4
1509,8
1510,6
1511,5
1512,8
1513,5
1514,8
1515,7
1516,5
1517,7
1518,13
1519,9
1520,5
1521,7
1522,7
1523,6
1524,6
1525,8
1526,9
1527,4
1528,8
1529,8
1530,6
1531,8
1532,8
1533,8
1534,7
1535,6
1536,7
1537,6
1538,3
1539,4
1540,8
1541,5
1542,1
1543,6
1544,4
1545,5
1546,8
1547,10
1548,6
1549,11
1550,11
1551,4
1552,3
1553,8
1554,5
1555,8
1556,10
1557,6
1558,9
1559,9
1560,7
1561,5
1562,10
1563,5
1564,5
1565,7
1566,3
1567,5
1568,5
1569,8
1570,9
1571,12
1572,6
1573,7
1574,9
1575,9
1576,5
1577,12
1578,5
1579,9
1580,3
1581,5
1582,10
1583,6
1584,4
1585,6
1586,10
1587,7
1588,5
1589,2
1590,8
1591,4
1592,4
1593,4
1594,7
1595,4
1596,9
1597,5
1598,6
1599,5
1600,8
1601,8
1602,7
1603,10
1604,7
1605,6
1606,9
1607,11
1608,12
1609,6
1610,1
1611,8
1612,4
1613,7
1614,12
1615,7
1616,7
1617,8
1618,10
1619,5
1620,5
1621,6
1622,4
1623,8
1624,4
1625,10
1626,7
1627,12
1628,7
1629,12
1630,11
1631,7
1632,6
1633,7
1634,11
1635,6
1636,4
1637,9
1638,8
1639,6
1640,4
1641,2
1642,8
1643,9
1644,7
1645,7
1646,6
1647,4
1648,8
1649,6
1650,5
1651,13
1652,7
1653,3
1654,9
1655,11
1656,10
1657,10
1658,6
1659,10
1660,4
1661,11
1662,2
1663,10
1664,7
1665,4
1666,5
1667,7
1668,8
1669,12
1670,7
1671,5
1672,9
1673,3
1674,6
1675,5
1676,10
1677,4
1678,6
1679,5
1680,8
1681,2
1682,10
1683,5
1684,11
1685,11
1686,7
1687,6
1688,4
1689,4
1690,4
1691,7
1692,4
1693,4
1694,9
1695,8
1696,5
1697,4
1698,7
1699,10
1700,7
1701,8
1702,10
1703,6
1704,4
1705,3
1706,6
1707,7
1708,10
1709,5
1710,6
1711,10
1712,10
1713,9
1714,6
1715,8
1716,7
1717,4
1718,6
1719,6
1720,8
1721,8
1722,7
1723,5
1724,10
1725,5
1726,10
1727,1
1728,6
1729,7
1730,3
1731,4
1732,3
1733,4
1734,12
1735,3
1736,10
1737,6
1738,12
1739,4
1740,4
1741,6
1742,8
1743,6
1744,4
1745,4
1746,5
1747,10
1748,3
1749,6
1750,11
1751,3
1752,5
1753,7
1754,5
1755,8
1756,8
1757,7
1758,6
1759,4
1760,11
1761,7
1762,6
1763,6
1764,4
1765,2
1766,11
1767,4
1768,8
1769,5
1770,7
1771,8
1772,7
1773,7
1774,10
1775,10
1776,12
1777,8
1778,7
1779,8
1780,8
1781,11
1782,7
1783,13
1784,7
1785,5
1786,5
1787,10
1788,5
1789,4
1790,7
1791,9
1792,5
1793,6
1794,6
1795,8
1796,10
1797,5
1798,9
1799,5
1800,5
1801,6
1802,4
1803,9
1804,4
1805,12
1806,10
1807,10
1808,5
1809,11
1810,5
1811,4
1812,6
1813,8
1814,8
1815,3
1816,7
1817,8
1818,10
1819,7
1820,8
1821,13
1822,4
1823,6
1824,4
1825,11
1826,5
1827,10
1828,4
1829,7
1830,8
1831,8
1832,11
1833,8
1834,4
1835,3
1836,8
1837,8
1838,7
1839,8
1840,6
1841,8
1842,7
1843,5
1844,9
1845,4
1846,4
1847,9
1848,4
1849,8
1850,7
1851,7
1852,9
1853,13
1854,9
1855,2
1856,5
1857,6
1858,5
1859,10
1860,4
1861,7
1862,5
1863,5
1864,2
1865,3
1866,6
1867,8
1868,4
1869,9
1870,7
1871,7
1872,10
1873,10
1874,6
1875,4
1876,9
1877,11
1878,5
1879,10
1880,14
1881,9
1882,6
1883,6
1884,4
1885,3
1886,5
1887,14
1888,6
1889,7
1890,8
1891,10
1892,7
1893,10
1894,5
1895,9
1896,6
1897,8
1898,4
1899,5
1900,6
1901,9
1902,7
1903,5
1904,5
1905,9
1906,7
1907,8
1908,6
1909,5
1910,3
1911,7
1912,5
1913,6
1914,8
1915,8
1916,6
1917,5
1918,6
1919,4
1920,6
1921,9
1922,10
1923,10
1924,10
1925,9
1926,9
1927,4
1928,8
1929,7
1930,6
1931,9
1932,5
1933,2
1934,2
1935,9
1936,9
1937,8
1938,7
1939,6
1940,4
1941,10
1942,8
1943,7
1944,11
1945,10
1946,6
1947,5
1948,8
1949,2
1950,9
1951,9
1952,8
1953,8
1954,6
1955,7
1956,8
1957,5
1958,7
1959,5
1960,7
1961,5
1962,11
1963,8
1964,15
1965,6
1966,2
1967,9
1968,10
1969,5
1970,8
1971,7
1972,5
1973,7
1974,3
1975,5
1976,3
1977,6
1978,4
1979,7
1980,3
1981,6
1982,9
1983,6
1984,7
1985,6
1986,8
1987,8
1988,7
1989,6
1990,6
1991,7
1992,6
1993,6
1994,6
1995,5
1996,7
1997,7
1998,8
1999,5
2000,6
2001,4
2002,11
2003,5
2004,5
2005,12
2006,5
2007,14
2008,4
2009,9
2010,6
2011,6
2012,2
2013,7
2014,3
2015,3
2016,9
2017,8
2018,8
2019,7
2020,5
2021,4
2022,7
2023,11
2024,8
2025,5
2026,8
2027,10
2028,8
2029,7
2030,4
2031,2
2032,8
2033,5
2034,6
2035,9
2036,6
2037,6
2038,9
2039,4
2040,12
2041,6
2042,5
2043,5
2044,7
2045,6
2046,4
2047,8
2048,6
2049,10
2050,6
2051,8
2052,3
2053,7
2054,7
2055,9
2056,8
2057,5
2058,7
2059,11
2060,7
2061,7
2062,8
2063,7
2064,5
2065,2
2066,8
2067,9
2068,4
2069,7
2070,4
2071,9
2072,9
2073,6
2074,6
2075,7
2076,8
2077,8
2078,6
2079,3
2080,3
2081,7
2082,3
2083,7
2084,3
2085,9
2086,3
2087,7
2088,9
2089,9
2090,6
2091,6
2092,6
2093,10
2094,7
2095,10
2096,9
2097,4
2098,5
2099,13
2100,6
2101,8
2102,4
2103,6
2104,6
2105,10
2106,8
2107,5
2108,3
2109,9
2110,4
2111,7
2112,4
2113,9
2114,7
2115,9
2116,9
2117,7
2118,8
2119,10
2120,3
2121,4
2122,4
2123,6
2124,2
2125,11
2126,5
2127,6
2128,9
2129,11
2130,8
2131,4
2132,7
2133,9
2134,4
2135,5
2136,7
2137,10
2138,5
2139,4
2140,7
2141,9
2142,5
2143,12
2144,4
2145,9
2146,10
2147,7
2148,6
2149,1
2150,4
2151,7
2152,6
2153,3
2154,7
2155,2
2156,7
2157,6
2158,6
2159,12
2160,2
2161,11
2162,4
2163,5
2164,6
2165,10
2166,6
2167,6
2168,9
2169,4
2170,7
2171,4
2172,6
2173,10
2174,5
2175,9
2176,6
2177,6
2178,10
2179,10
2180,7
2181,7
2182,9
2183,7
2184,4
2185,5
2186,10
2187,4
2188,10
2189,9
2190,8
2191,8
2192,8
2193,10
2194,5
2195,8
2196,8
2197,2
2198,4
2199,9
2200,10
2201,8
2202,6
2203,6
2204,8
2205,4
2206,8
2207,11
2208,9
2209,4
2210,4
2211,3
2212,7
2213,6
2214,6
2215,6
2216,3
2217,5
2218,8
2219,5
2220,9
2221,6
2222,6
2223,3
2224,9
2225,9
2226,9
2227,4
2228,7
2229,6
2230,4
2231,10
2232,8
2233,6
2234,5
2235,7
2236,7
2237,8
2238,7
2239,8
2240,8
2241,4
2242,8
2243,8
2244,6
2245,8
2246,8
2247,11
2248,3
2249,5
2250,11
2251,12
2252,6
2253,6
2254,6
2255,4
2256,8
2257,7
2258,2
2259,8
2260,5
2261,11
2262,3
2263,8
2264,6
2265,10
2266,9
2267,3
2268,8
2269,8
2270,7
2271,7
2272,8
2273,10
2274,6
2275,4
2276,11
2277,8
2278,8
2279,9
2280,10
2281,8
2282,5
2283,8
2284,9
2285,7
2286,7
2287,5
2288,7
2289,9
2290,6
2291,3
2292,5
2293,5
2294,5
2295,7
2296,8
2297,3
2298,7
2299,5
2300,2
2301,8
2302,9
2303,4
2304,7
2305,6
2306,5
2307,5
2308,5
2309,5
2310,10
2311,7
2312,7
2313,5
2314,11
2315,7
2316,9
2317,6
2318,9
2319,6
2320,5
2321,5
2322,3
2323,4
2324,8
2325,6
2326,9
2327,8
2328,11
2329,9
2330,3
2331,6
2332,8
2333,9
2334,7
2335,14
2336,5
2337,7
2338,6
2339,9
2340,6
2341,8
2342,5
2343,6
2344,4
2345,7
2346,4
2347,6
2348,10
2349,6
2350,5
2351,7
2352,7
2353,6
2354,12
2355,8
2356,7
2357,13
2358,7
2359,5
2360,8
2361,7
2362,6
2363,6
2364,9
2365,8
2366,6
2367,9
2368,4
2369,8
2370,6
2371,11
2372,4
2373,12
2374,4
2375,4
2376,5
2377,6
2378,5
2379,5
2380,6
2381,9
2382,8
2383,5
2384,5
2385,4
2386,3
2387,3
2388,6
2389,4
2390,7
2391,11
2392,4
2393,8
2394,11
2395,5
2396,9
2397,7
2398,3
2399,16
2400,2
2401,5
2402,7
2403,10
2404,4
2405,5
2406,4
2407,8
2408,8
2409,4
2410,5
2411,6
2412,5
2413,11
2414,8
2415,5
2416,6
2417,5
2418,1
2419,6
2420,7
2421,4
2422,5
2423,9
2424,12
2425,7
2426,4
2427,8
2428,7
2429,8
2430,7
2431,6
2432,5
2433,13
2434,6
2435,8
2436,10
2437,6
2438,11
2439,8
2440,7
2441,7
2442,10
2443,8
2444,9
2445,6
2446,10
2447,9
2448,5
2449,4
2450,6
2451,3
2452,10
2453,5
2454,7
2455,5
2456,6
2457,9
2458,9
2459,11
2460,9
2461,2
2462,8
2463,5
2464,3
2465,9
2466,9
2467,5
2468,7
2469,5
2470,10
2471,6
2472,5
2473,8
2474,8
2475,9
2476,8
2477,5
2478,8
2479,9
2480,8
2481,10
2482,8
2483,10
2484,9
2485,4
2486,6
2487,4
2488,7
2489,2
2490,7
2491,10
2492,13
2493,5
2494,6
2495,6
2496,8
2497,8
2498,7
2499,8
2500,6
2501,10
2502,8
2503,8
2504,6
2505,6
2506,4
2507,7
2508,6
2509,7
2510,5
2511,11
2512,7
2513,9
2514,6
2515,7
2516,14
2517,9
2518,10
2519,9
2520,9
2521,5
2522,3
2523,5
2524,11
2525,4
2526,10
2527,4
2528,8
2529,6
2530,5
2531,5
2532,7
2533,7
2534,7
2535,8
2536,9
2537,8
2538,3
2539,10
2540,7
2541,8
2542,7
2543,6
2544,8
2545,4
2546,5
2547,6
2548,5
2549,2
2550,6
2551,5
2552,5
2553,6
2554,4
2555,9
2556,10
2557,7
2558,3
2559,7
2560,9
2561,7
2562,8
2563,5
2564,7
2565,8
2566,6
2567,8
2568,10
2569,8
2570,7
2571,4
2572,4
2573,10
2574,4
2575,7
2576,6
2577,8
2578,10
2579,4
2580,7
2581,10
2582,8
2583,8
2584,5
2585,9
2586,6
2587,3
2588,6
2589,6
2590,5
2591,9
2592,7
2593,8
2594,10
2595,6
2596,11
2597,9
2598,7
2599,7
2600,3
2601,3
2602,5
2603,10
2604,9
2605,5
2606,8
2607,4
2608,7
2609,5
2610,5
2611,3
2612,3
2613,7
2614,3
2615,11
2616,6
2617,7
2618,10
2619,4
2620,3
2621,1
2622,8
2623,5
2624,6
2625,2
2626,8
2627,9
2628,6
2629,10
2630,9
2631,6
2632,5
2633,9
2634,5
2635,7
2636,6
2637,7
2638,8
2639,11
2640,4
2641,10
2642,6
2643,9
2644,9
2645,9
2646,4
2647,5
2648,10
2649,3
2650,7
2651,6
2652,11
2653,6
2654,8
2655,7
2656,6
2657,7
2658,10
2659,7
2660,3
2661,12
2662,11
2663,16
2664,8
2665,7
2666,14
2667,6
2668,6
2669,11
2670,11
2671,10
2672,10
2673,6
2674,12
2675,9
2676,8
2677,6
2678,3
2679,16
2680,5
2681,2
2682,4
2683,7
2684,9
2685,8
2686,12
2687,8
2688,9
2689,11
2690,8
2691,3
2692,7
2693,6
2694,9
2695,3
2696,4
2697,9
2698,5
2699,14
2700,8
2701,9
2702,13
2703,6
2704,4
2705,2
2706,12
2707,6
2708,8
2709,7
2710,3
2711,5
2712,6
2713,8
2714,5
2715,7
2716,7
2717,8
2718,12
2719,7
2720,3
2721,6
2722,9
2723,3
2724,7
2725,6
2726,6
2727,9
2728,8
2729,7
2730,6
2731,5
2732,5
2733,6
2734,7
2735,8
2736,7
2737,6
2738,7
2739,3
2740,3
2741,6
2742,10
2743,11
2744,11
2745,4
2746,7
2747,14
2748,3
2749,4
2750,9
2751,8
2752,5
2753,7
2754,5
2755,3
2756,2
2757,8
2758,9
2759,6
2760,4
2761,4
2762,4
2763,6
2764,10
2765,7
2766,6
2767,10
2768,11
2769,4
2770,5
2771,4
2772,7
2773,5
2774,4
2775,1
2776,3
2777,13
2778,8
2779,11
2780,8
2781,9
2782,8
2783,8
2784,15
2785,8
2786,3
2787,9
2788,6
2789,8
2790,10
2791,6
2792,3
2793,8
2794,10
2795,12
2796,9
2797,6
2798,5
2799,1
2800,4
2801,8
2802,11
2803,4
2804,12
2805,9
2806,3
2807,10
2808,9
2809,9
2810,7
2811,7
2812,8
2813,7
2814,8
2815,7
2816,10
2817,3
2818,3
2819,2
2820,8
2821,5
2822,8
2823,7
2824,3
2825,4
2826,3
2827,5
2828,2
2829,9
2830,6
2831,6
2832,5
2833,6
2834,8
2835,7
2836,8
2837,5
2838,9
2839,4
2840,2
2841,7
2842,8
2843,8
2844,4
2845,3
2846,6
2847,8
2848,10
2849,12
2850,11
2851,7
2852,6
2853,4
2854,5
2855,6
2856,6
2857,8
2858,7
2859,5
2860,8
2861,10
2862,6
2863,7
2864,12
2865,11
2866,10
2867,9
2868,2
2869,5
2870,16
2871,7
2872,13
2873,4
2874,5
2875,7
2876,8
2877,12
2878,7
2879,7
2880,6
2881,6
2882,9
2883,9
2884,7
2885,6
2886,7
2887,12
2888,5
2889,6
2890,9
2891,4
2892,6
2893,9
2894,4
2895,6
2896,14
2897,11
2898,10
2899,6
2900,12
2901,6
2902,6
2903,5
2904,0
2905,13
2906,4
2907,8
2908,4
2909,7
2910,9
2911,2
2912,11
2913,6
2914,6
2915,3
2916,4
2917,8
2918,4
2919,14
2920,7
2921,6
2922,9
2923,5
2924,8
2925,9
2926,4
2927,11
2928,9
2929,8
2930,6
2931,4
2932,6
2933,9
2934,8
2935,9
2936,9
2937,6
2938,6
2939,7
2940,6
2941,9
2942,6
2943,8
2944,6
2945,6
2946,8
2947,8
2948,8
2949,11
2950,9
2951,7
2952,8
2953,6
2954,8
2955,3
2956,4
2957,5
2958,3
2959,12
2960,6
2961,7
2962,7
2963,10
2964,4
2965,8
2966,5
2967,9
2968,3
2969,7
2970,7
2971,11
2972,9
2973,6
2974,2
2975,8
2976,5
2977,7
2978,3
2979,10
2980,4
2981,7
2982,7
2983,8
2984,7
2985,11
2986,8
2987,6
2988,5
2989,4
2990,9
2991,13
2992,3
2993,5
2994,9
2995,7
2996,7
2997,5
2998,12
2999,5
3000,12
3001,10
3002,9
3003,6
3004,14
3005,8
3006,11
3007,5
3008,10
3009,5
3010,6
3011,8
3012,13
3013,4
3014,9
3015,7
3016,2
3017,6
3018,7
3019,8
3020,10
3021,4
3022,9
3023,9
3024,5
3025,10
3026,5
3027,5
3028,9
3029,5
3030,7
3031,6
3032,9
3033,6
3034,7
3035,6
3036,4
3037,9
3038,7
3039,9
3040,12
3041,11
3042,4
3043,5
3044,6
3045,8
3046,4
3047,5
3048,4
3049,9
3050,4
3051,9
3052,7
3053,9
3054,3
3055,6
3056,4
3057,11
3058,8
3059,9
3060,7
3061,6
3062,2
3063,6
3064,7
3065,7
3066,7
3067,6
3068,4
3069,6
3070,6
3071,8
3072,10
3073,6
3074,6
3075,1
3076,9
3077,7
3078,6
3079,10
3080,3
3081,9
3082,6
3083,6
3084,7
3085,10
3086,8
3087,6
3088,5
3089,6
3090,8
3091,6
3092,4
3093,7
3094,4
3095,7
3096,3
3097,9
3098,7
3099,4
3100,7
3101,1
3102,10
3103,6
3104,10
3105,5
3106,7
3107,9
3108,11
3109,7
3110,4
3111,13
3112,2
3113,4
3114,7
3115,8
3116,5
3117,9
3118,8
3119,9
3120,10
3121,13
3122,8
3123,7
3124,6
3125,6
3126,4
3127,5
3128,3
3129,8
3130,9
3131,9
3132,7
3133,10
3134,2
3135,9
3136,3
3137,5
3138,10
3139,6
3140,14
3141,7
3142,4
3143,10
3144,6
3145,12
3146,10
3147,6
3148,5
3149,7
3150,5
3151,7
3152,8
3153,11
3154,10
3155,6
3156,8
3157,7
3158,9
3159,6
3160,5
3161,5
3162,9
3163,10
3164,8
3165,3
3166,13
3167,8
3168,11
3169,8
3170,7
3171,5
3172,12
3173,8
3174,10
3175,7
3176,11
3177,8
3178,4
3179,4
3180,9
3181,9
3182,3
3183,6
3184,7
3185,10
3186,10
3187,3
3188,5
3189,8
3190,9
3191,6
3192,7
3193,7
3194,5
3195,6
3196,7
3197,3
3198,7
3199,5
3200,3
3201,6
3202,7
3203,9
3204,6
3205,7
3206,5
3207,7
3208,7
3209,12
3210,5
3211,5
3212,3
3213,3
3214,6
3215,10
3216,4
3217,6
3218,12
3219,9
3220,10
3221,6
3222,6
3223,4
3224,8
3225,2
3226,10
3227,8
3228,5
3229,5
3230,3
3231,6
3232,6
3233,3
3234,6
3235,9
3236,12
3237,4
3238,5
3239,4
3240,5
3241,3
3242,10
3243,6
3244,9
3245,8
3246,8
3247,8
3248,7
3249,7
3250,7
3251,4
3252,10
3253,4
3254,7
3255,3
3256,8
3257,8
3258,6
3259,5
3260,10
3261,11
3262,4
3263,9
3264,5
3265,5
3266,9
3267,6
3268,1
3269,6
3270,4
3271,2
3272,6
3273,5
3274,9
3275,10
3276,6
3277,7
3278,10
3279,6
3280,4
3281,6
3282,5
3283,5
3284,9
3285,4
3286,7
3287,9
3288,11
3289,9
3290,3
3291,3
3292,5
3293,6
3294,6
3295,10
3296,10
3297,7
3298,5
3299,8
3300,6
3301,6
3302,7
3303,9
3304,4
3305,11
3306,6
3307,6
3308,5
3309,6
3310,6
3311,11
3312,5
3313,10
3314,4
3315,2
3316,11
3317,11
3318,9
3319,7
3320,12
3321,7
3322,7
3323,8
3324,4
3325,5
3326,9
3327,6
3328,5
3329,8
3330,8
3331,9
3332,8
3333,5
3334,11
3335,7
3336,6
3337,7
3338,5
3339,7
3340,4
3341,11
3342,4
3343,6
3344,9
3345,6
3346,6
3347,3
3348,7
3349,5
3350,3
3351,5
3352,8
3353,6
3354,10
3355,9
3356,9
3357,9
3358,5
3359,6
3360,7
3361,7
3362,6
3363,5
3364,4
3365,8
3366,3
3367,4
3368,8
3369,7
3370,10
3371,7
3372,3
3373,7
3374,6
3375,8
3376,8
3377,4
3378,6
3379,8
3380,6
3381,7
3382,9
3383,9
3384,4
3385,9
3386,4
3387,11
3388,6
3389,4
3390,8
3391,7
3392,5
3393,7
3394,9
3395,10
3396,6
3397,1
3398,7
3399,8
3400,4
3401,5
3402,6
3403,11
3404,10
3405,9
3406,5
3407,4
3408,11
3409,6
3410,5
3411,8
3412,10
3413,5
3414,7
3415,6
3416,4
3417,9
3418,6
3419,3
3420,4
3421,8
3422,5
3423,5
3424,4
3425,2
3426,6
3427,7
3428,6
3429,6
3430,9
3431,8
3432,5
3433,6
3434,4
3435,5
3436,4
3437,7
3438,6
3439,12
3440,7
3441,7
3442,6
3443,7
3444,10
3445,7
3446,7
3447,10
3448,9
3449,5
3450,9
3451,6
3452,3
3453,3
3454,13
3455,4
3456,5
3457,7
3458,11
3459,5
3460,8
3461,5
3462,8
3463,4
3464,8
3465,8
3466,6
3467,17
3468,4
3469,4
3470,7
3471,4
3472,8
3473,6
3474,4
3475,5
3476,3
3477,2
3478,6
3479,4
3480,8
3481,6
3482,5
3483,10
3484,6
3485,15
3486,6
3487,12
3488,3
3489,5
3490,6
3491,6
3492,6
3493,7
3494,8
3495,6
3496,7
3497,8
3498,12
3499,7
3500,7
3501,5
3502,5
3503,10
3504,6
3505,4
3506,6
3507,6
3508,9
3509,7
3510,2
3511,4
3512,7
3513,7
3514,8
3515,1
3516,6
3517,5
3518,11
3519,6
3520,9
3521,10
3522,8
3523,7
3524,3
3525,8
3526,3
3527,9
3528,8
3529,10
3530,8
3531,11
3532,8
3533,9
3534,5
3535,5
3536,9
3537,2
3538,8
3539,10
3540,7
3541,7
3542,7
3543,6
3544,6
3545,8
3546,8
3547,4
3548,12
3549,7
3550,8
3551,3
3552,5
3553,4
3554,6
3555,6
3556,6
3557,16
3558,5
3559,8
3560,8
3561,4
3562,1
3563,7
3564,9
3565,6
3566,8
3567,7
3568,9
3569,5
3570,6
3571,8
3572,5
3573,8
3574,8
3575,9
3576,7
3577,4
3578,4
3579,6
3580,6
3581,2
3582,5
3583,8
3584,6
3585,11
3586,7
3587,8
3588,3
3589,5
3590,9
3591,10
3592,9
3593,4
3594,11
3595,4
3596,8
3597,5
3598,9
3599,8
3600,9
3601,5
3602,9
3603,4
3604,5
3605,14
3606,6
3607,9
3608,4
3609,6
3610,7
3611,9
3612,4
3613,7
3614,4
3615,9
3616,5
3617,5
3618,6
3619,7
3620,4
3621,8
3622,5
3623,7
3624,5
3625,8
3626,10
3627,3
3628,7
3629,8
3630,3
3631,7
3632,2
3633,8
3634,8
3635,12
3636,4
3637,7
3638,6
3639,6
3640,10
3641,9
3642,10
3643,2
3644,5
3645,8
3646,6
3647,4
3648,6
3649,3
3650,9
3651,6
3652,6
3653,6
3654,8
3655,9
3656,4
3657,9
3658,6
3659,9
3660,6
3661,11
3662,8
3663,6
3664,6
3665,2
3666,4
3667,8
3668,2
3669,7
3670,10
3671,3
3672,7
3673,6
3674,5
3675,6
3676,2
3677,8
3678,4
3679,5
3680,3
3681,4
3682,8
3683,10
3684,7
3685,2
3686,4
3687,11
3688,12
3689,3
3690,6
3691,4
3692,3
3693,4
3694,10
3695,6
3696,9
3697,7
3698,5
3699,4
3700,8
3701,7
3702,7
3703,6
3704,11
3705,10
3706,6
3707,10
3708,7
3709,3
3710,7
3711,10
3712,5
3713,6
3714,8
3715,7
3716,7
3717,5
3718,4
3719,10
3720,4
3721,8
3722,1
3723,10
3724,2
3725,6
3726,6
3727,3
3728,7
3729,3
3730,3
3731,9
3732,8
3733,8
3734,6
3735,5
3736,7
3737,6
3738,3
3739,6
3740,3
3741,9
3742,4
3743,7
3744,4
3745,9
3746,8
3747,11
3748,8
3749,4
3750,10
3751,5
3752,8
3753,7
3754,4
3755,12
3756,7
3757,7
3758,8
3759,11
3760,5
3761,10
3762,6
3763,11
3764,8
3765,5
3766,5
3767,7
3768,7
3769,4
3770,2
3771,7
3772,6
3773,3
3774,6
3775,7
3776,2
3777,6
3778,6
3779,7
3780,10
3781,9
3782,5
3783,7
3784,7
3785,5
3786,4
3787,5
3788,9
3789,9
3790,5
3791,7
3792,12
3793,7
3794,8
3795,6
3796,5
3797,5
3798,8
3799,7
3800,5
3801,11
3802,10
3803,2
3804,8
3805,8
3806,1
3807,3
3808,7
3809,10
3810,6
3811,9
3812,9
3813,7
3814,9
3815,7
3816,6
3817,4
3818,7
3819,7
3820,6
3821,8
3822,10
3823,8
3824,3
3825,5
3826,6
3827,6
3828,5
3829,4
3830,8
3831,9
3832,7
3833,4
3834,7
3835,4
3836,5
3837,5
3838,11
3839,6
3840,4
3841,4
3842,7
3843,7
3844,7
3845,6
3846,7
3847,9
3848,10
3849,10
3850,10
3851,6
3852,11
3853,4
3854,10
3855,8
3856,10
3857,3
3858,7
3859,11
3860,8
3861,7
3862,13
3863,5
3864,5
3865,4
3866,13
3867,6
3868,9
3869,11
3870,5
3871,5
3872,4
3873,0
3874,8
3875,5
3876,5
3877,5
3878,2
3879,6
3880,4
3881,6
3882,6
3883,8
3884,12
3885,8
3886,4
3887,5
3888,10
3889,4
3890,7
3891,6
3892,5
3893,8
3894,10
3895,8
3896,7
3897,7
3898,6
3899,4
3900,9
3901,14
3902,9
3903,4
3904,5
3905,7
3906,5
3907,6
3908,7
3909,9
3910,9
3911,7
3912,9
3913,7
3914,11
3915,18
3916,7
3917,3
3918,5
3919,8
3920,4
3921,8
3922,9
3923,8
3924,9
3925,7
3926,7
3927,2
3928,14
3929,2
3930,11
3931,7
3932,10
3933,5
3934,5
3935,7
3936,14
3937,5
3938,2
3939,12
3940,6
3941,10
3942,11
3943,7
3944,7
3945,8
3946,5
3947,7
3948,8
3949,7
3950,8
3951,1
3952,11
3953,5
3954,7
3955,5
3956,4
3957,4
3958,1
3959,4
3960,6
3961,7
3962,8
3963,4
3964,10
3965,3
3966,7
3967,7
3968,10
3969,8
3970,8
3971,10
3972,9
3973,5
3974,6
3975,10
3976,8
3977,6
3978,2
3979,7
3980,9
3981,4
3982,8
3983,13
3984,13
3985,11
3986,8
3987,6
3988,8
3989,6
3990,9
3991,6
3992,12
3993,7
3994,6
3995,3
3996,8
3997,5
3998,6
3999,6
4000,10
4001,3
4002,5
4003,8
4004,13
4005,7
4006,5
4007,11
4008,10
4009,10
4010,4
4011,3
4012,3
4013,10
4014,8
4015,7
4016,7
4017,6
4018,6
4019,7
4020,8
4021,13
4022,16
4023,9
4024,8
4025,6
4026,7
4027,8
4028,9
4029,7
4030,6
4031,5
4032,6
4033,8
4034,8
4035,13
4036,8
4037,6
4038,6
4039,6
4040,11
4041,11
4042,7
4043,4
4044,7
4045,5
4046,7
4047,11
4048,8
4049,8
4050,11
4051,9
4052,4
4053,5
4054,7
4055,6
4056,6
4057,9
4058,5
4059,5
4060,5
4061,7
4062,5
4063,5
4064,8
4065,6
4066,11
4067,9
4068,5
4069,5
4070,8
4071,8
4072,9
4073,8
4074,10
4075,6
4076,8
4077,1
4078,8
4079,9
4080,10
4081,6
4082,10
4083,5
4084,9
4085,8
4086,5
4087,1
4088,7
4089,4
4090,8
4091,6
4092,8
4093,8
4094,10
4095,9
4096,12
4097,7
4098,6
4099,5
4100,6
4101,8
4102,13
4103,10
4104,1
4105,3
4106,4
4107,7
4108,2
4109,10
4110,5
4111,6
4112,8
4113,3
4114,3
4115,8
4116,9
4117,13
4118,6
4119,9
4120,5
4121,6
4122,7
4123,3
4124,11
4125,8
4126,5
4127,7
4128,6
4129,3
4130,6
4131,7
4132,5
4133,8
4134,11
4135,10
4136,14
4137,3
4138,8
4139,3
4140,5
4141,6
4142,3
4143,5
4144,4
4145,4
4146,2
4147,9
4148,1
4149,8
4150,5
4151,6
4152,7
4153,6
4154,3
4155,10
4156,4
4157,10
4158,9
4159,5
4160,5
4161,6
4162,10
4163,7
4164,6
4165,6
4166,9
4167,8
4168,6
4169,7
4170,11
4171,10
4172,5
4173,8
4174,7
4175,9
4176,8
4177,8
4178,9
4179,3
4180,4
4181,10
4182,9
4183,8
4184,9
4185,7
4186,5
4187,5
4188,6
4189,7
4190,10
4191,9
4192,7
4193,9
4194,7
4195,5
4196,7
4197,7
4198,6
4199,11
4200,14
4201,3
4202,9
4203,8
4204,5
4205,3
4206,6
4207,2
4208,10
4209,7
4210,5
4211,6
4212,7
4213,10
4214,3
4215,6
4216,10
4217,4
4218,5
4219,6
4220,8
4221,5
4222,9
4223,7
4224,6
4225,4
4226,4
4227,10
4228,8
4229,6
4230,4
4231,4
4232,10
4233,9
4234,6
4235,9
4236,7
4237,6
4238,5
4239,7
4240,2
4241,7
4242,11
4243,8
4244,4
4245,7
4246,8
4247,7
4248,8
4249,5
4250,4
4251,11
4252,5
4253,10
4254,7
4255,3
4256,6
4257,7
4258,9
4259,5
4260,6
4261,11
4262,10
4263,9
4264,4
4265,5
4266,11
4267,11
4268,7
4269,8
4270,5
4271,10
4272,9
4273,7
4274,9
4275,6
4276,4
4277,5
4278,3
4279,7
4280,5
4281,11
4282,6
4283,8
4284,7
4285,9
4286,9
4287,7
4288,10
4289,8
4290,6
4291,8
4292,2
4293,7
4294,6
4295,5
4296,6
4297,6
4298,6
4299,14
4300,11
4301,4
4302,7
4303,6
4304,14
4305,9
4306,10
4307,7
4308,9
4309,12
4310,5
4311,5
4312,8
4313,6
4314,8
4315,4
4316,4
4317,8
4318,8
4319,6
4320,8
4321,4
4322,11
4323,10
4324,6
4325,6
4326,4
4327,6
4328,3
4329,12
4330,12
4331,8
4332,8
4333,3
4334,7
4335,10
4336,10
4337,7
4338,5
4339,9
4340,13
4341,4
4342,9
4343,4
4344,5
4345,8
4346,7
4347,6
4348,10
4349,3
4350,7
4351,10
4352,5
4353,4
4354,5
4355,2
4356,6
4357,6
4358,7
4359,5
4360,15
4361,9
4362,8
4363,8
4364,8
4365,4
4366,4
4367,7
4368,6
4369,6
4370,6
4371,6
4372,9
4373,4
4374,6
4375,9
4376,5
4377,8
4378,5
4379,10
4380,4
4381,8
4382,3
4383,11
4384,6
4385,7
4386,9
4387,7
4388,7
4389,7
4390,6
4391,5
4392,4
4393,6
4394,6
4395,2
4396,3
4397,4
4398,4
4399,2
4400,8
4401,9
4402,10
4403,7
4404,5
4405,7
4406,13
4407,10
4408,8
4409,8
4410,5
4411,8
4412,10
4413,8
4414,10
4415,3
4416,9
4417,3
4418,15
4419,4
4420,5
4421,7
4422,8
4423,8
4424,6
4425,10
4426,12
4427,6
4428,12
4429,5
4430,3
4431,4
4432,6
4433,7
4434,13
4435,7
4436,11
4437,3
4438,3
4439,10
4440,5
4441,6
4442,7
4443,15
4444,13
4445,7
4446,11
4447,10
4448,6
4449,11
4450,8
4451,5
4452,3
4453,8
4454,8
4455,9
4456,11
4457,6
4458,4
4459,4
4460,5
4461,6
4462,7
4463,6
4464,6
4465,9
4466,7
4467,4
4468,7
4469,7
4470,6
4471,5
4472,8
4473,9
4474,9
4475,4
4476,4
4477,4
4478,1
4479,8
4480,13
4481,7
4482,7
4483,7
4484,13
4485,10
4486,5
4487,8
4488,4
4489,3
4490,8
4491,9
4492,7
4493,4
4494,9
4495,9
4496,8
4497,7
4498,11
4499,8
4500,5
4501,7
4502,6
4503,6
4504,6
4505,5
4506,7
4507,9
4508,7
4509,6
4510,3
4511,2
4512,2
4513,2
4514,9
4515,12
4516,8
4517,11
4518,7
4519,4
4520,10
4521,5
4522,10
4523,2
4524,7
4525,12
4526,4
4527,13
4528,8
4529,9
4530,8
4531,6
4532,6
4533,9
4534,9
4535,5
4536,5
4537,7
4538,6
4539,14
4540,5
4541,6
4542,8
4543,3
4544,4
4545,6
4546,7
4547,4
4548,6
4549,5
4550,5
4551,8
4552,10
4553,5
4554,9
4555,6
4556,7
4557,14
4558,7
4559,8
4560,8
4561,6
4562,10
4563,2
4564,2
4565,3
4566,6
4567,4
4568,4
4569,7
4570,6
4571,7
4572,6
4573,9
4574,8
4575,10
4576,8
4577,3
4578,7
4579,9
4580,10
4581,4
4582,9
4583,7
4584,11
4585,6
4586,4
4587,10
4588,6
4589,6
4590,12
4591,7
4592,5
4593,6
4594,11
4595,5
4596,8
4597,7
4598,4
4599,7
4600,6
4601,8
4602,8
4603,6
4604,9
4605,7
4606,13
4607,6
4608,7
4609,3
4610,15
4611,7
4612,10
4613,4
4614,5
4615,2
4616,10
4617,4
4618,6
4619,7
4620,7
4621,5
4622,6
4623,9
4624,6
4625,3
4626,7
4627,6
4628,10
4629,5
4630,6
4631,9
4632,3
4633,7
4634,7
4635,10
4636,5
4637,6
4638,3
4639,5
4640,6
4641,4
4642,8
4643,8
4644,7
4645,5
4646,6
4647,9
4648,8
4649,5
4650,5
4651,7
4652,8
4653,11
4654,4
4655,6
4656,9
4657,5
4658,8
4659,5
4660,4
4661,8
4662,7
4663,7
4664,13
4665,9
4666,3
4667,10
4668,8
4669,7
4670,11
4671,7
4672,4
4673,9
4674,3
4675,14
4676,5
4677,4
4678,6
4679,5
4680,7
4681,4
4682,2
4683,9
4684,6
4685,9
4686,4
4687,8
4688,7
4689,5
4690,6
4691,9
4692,8
4693,5
4694,5
4695,9
4696,5
4697,7
4698,4
4699,8
4700,6
4701,6
4702,5
4703,3
4704,8
4705,8
4706,11
4707,7
4708,0
4709,3
4710,6
4711,9
4712,8
4713,6
4714,6
4715,10
4716,7
4717,1
4718,10
4719,6
4720,6
4721,7
4722,6
4723,2
4724,5
4725,8
4726,7
4727,2
4728,5
4729,12
4730,10
4731,6
4732,4
4733,6
4734,11
4735,11
4736,10
4737,4
4738,5
4739,7
4740,3
4741,12
4742,9
4743,5
4744,8
4745,9
4746,8
4747,3
4748,5
4749,9
4750,8
4751,9
4752,8
4753,3
4754,2
4755,5
4756,9
4757,6
4758,5
4759,9
4760,8
4761,5
4762,10
4763,8
4764,6
4765,10
4766,5
4767,5
4768,9
4769,4
4770,8
4771,6
4772,3
4773,7
4774,10
4775,8
4776,8
4777,4
4778,4
4779,3
4780,5
4781,4
4782,7
4783,1
4784,7
4785,8
4786,7
4787,5
4788,9
4789,10
4790,10
4791,8
4792,11
4793,5
4794,8
4795,7
4796,14
4797,9
4798,10
4799,12
4800,8
4801,8
4802,7
4803,3
4804,4
4805,6
4806,6
4807,3
4808,5
4809,6
4810,2
4811,8
4812,4
4813,6
4814,4
4815,6
4816,7
4817,9
4818,5
4819,8
4820,10
4821,5
4822,11
4823,6
4824,8
4825,5
4826,9
4827,7
4828,8
4829,7
4830,7
4831,5
4832,5
4833,17
4834,8
4835,5
4836,7
4837,7
4838,6
4839,3
4840,7
4841,6
4842,8
4843,6
4844,6
4845,8
4846,8
4847,7
4848,6
4849,4
4850,3
4851,6
4852,6
4853,7
4854,4
4855,7
4856,9
4857,8
4858,7
4859,10
4860,10
4861,9
4862,2
4863,4
4864,6
4865,8
4866,7
4867,4
4868,7
4869,12
4870,6
4871,10
4872,12
4873,9
4874,7
4875,6
4876,8
4877,5
4878,8
4879,3
4880,7
4881,8
4882,7
4883,2
4884,10
4885,2
4886,5
4887,3
4888,10
4889,3
4890,6
4891,7
4892,11
4893,11
4894,9
4895,8
4896,10
4897,9
4898,8
4899,4
4900,6
4901,7
4902,9
4903,8
4904,6
4905,3
4906,6
4907,4
4908,5
4909,9
4910,6
4911,5
4912,8
4913,4
4914,8
4915,6
4916,3
4917,8
4918,4
4919,3
4920,6
4921,7
4922,6
4923,7
4924,4
4925,3
4926,5
4927,7
4928,6
4929,5
4930,8
4931,8
4932,13
4933,6
4934,6
4935,6
4936,11
4937,11
4938,5
4939,6
4940,5
4941,6
4942,8
4943,5
4944,3
4945,6
4946,9
4947,7
4948,5
4949,8
4950,7
4951,7
4952,6
4953,8
4954,9
4955,9
4956,6
4957,8
4958,6
4959,6
4960,5
4961,6
4962,7
4963,8
4964,6
4965,8
4966,15
4967,4
4968,3
4969,5
4970,14
4971,11
4972,10
4973,5
4974,7
4975,7
4976,6
4977,11
4978,6
4979,3
4980,6
4981,3
4982,4
4983,6
4984,12
4985,6
4986,8
4987,5
4988,5
4989,4
4990,3
4991,7
4992,7
4993,4
4994,9
4995,4
4996,3
4997,7
4998,14
4999,5
5000,4
5001,6
5002,4
5003,11
5004,4
5005,6
5006,10
5007,5
5008,8
5009,7
5010,5
5011,7
5012,13
5013,8
5014,4
5015,5
5016,5
5017,9
5018,11
5019,10
5020,10
5021,7
5022,6
5023,6
5024,8
5025,6
5026,9
5027,7
5028,13
5029,4
5030,4
5031,8
5032,9
5033,9
5034,6
5035,5
5036,7
5037,8
5038,6
5039,7
5040,9
5041,7
5042,6
5043,6
5044,8
5045,10
5046,10
5047,10
5048,7
5049,3
5050,10
5051,9
5052,8
5053,7
5054,5
5055,8
5056,7
5057,5
5058,5
5059,10
5060,4
5061,4
5062,14
5063,4
5064,6
5065,4
5066,11
5067,7
5068,8
5069,3
5070,5
5071,7
5072,4
5073,1
5074,2
5075,7
5076,8
5077,9
5078,10
5079,5
5080,5
5081,5
5082,7
5083,8
5084,5
5085,11
5086,7
5087,6
5088,8
5089,3
5090,5
5091,12
5092,5
5093,10
5094,4
5095,7
5096,6
5097,10
5098,6
5099,3
5100,7
5101,6
5102,8
5103,14
5104,10
5105,8
5106,10
5107,4
5108,5
5109,6
5110,4
5111,9
5112,5
5113,5
5114,5
5115,8
5116,8
5117,7
5118,10
5119,7
5120,6
5121,5
5122,7
5123,10
5124,7
5125,10
5126,6
5127,8
5128,5
5129,9
5130,7
5131,8
5132,6
5133,10
5134,11
5135,7
5136,8
5137,6
5138,9
5139,7
5140,3
5141,7
5142,12
5143,8
5144,11
5145,5
5146,4
5147,6
5148,5
5149,7
5150,6
5151,9
5152,7
5153,7
5154,5
5155,9
5156,9
5157,6
5158,6
5159,7
5160,4
5161,4
5162,8
5163,9
5164,4
5165,10
5166,3
5167,7
5168,6
5169,10
5170,12
5171,6
5172,6
5173,5
5174,10
5175,2
5176,10
5177,7
5178,7
5179,6
5180,2
5181,6
5182,5
5183,10
5184,13
5185,6
5186,5
5187,10
5188,7
5189,10
5190,7
5191,6
5192,6
5193,5
5194,10
5195,7
5196,7
5197,8
5198,4
5199,8
5200,6
5201,9
5202,8
5203,8
5204,8
5205,6
5206,9
5207,3
5208,5
5209,7
5210,9
5211,11
5212,8
5213,6
5214,5
5215,9
5216,10
5217,7
5218,7
5219,7
5220,5
5221,5
5222,8
5223,9
5224,7
5225,8
5226,8
5227,9
5228,7
5229,10
5230,4
5231,13
5232,10
5233,9
5234,4
5235,6
5236,9
5237,6
5238,11
5239,4
5240,7
5241,8
5242,9
5243,10
5244,6
5245,5
5246,8
5247,8
5248,8
5249,7
5250,11
5251,5
5252,3
5253,9
5254,4
5255,7
5256,9
5257,6
5258,10
5259,4
5260,13
5261,8
5262,7
5263,11
5264,5
5265,5
5266,4
5267,5
5268,10
5269,9
5270,9
5271,9
5272,6
5273,6
5274,6
5275,9
5276,6
5277,6
5278,6
5279,4
5280,10
5281,8
5282,7
5283,5
5284,5
5285,4
5286,9
5287,11
5288,5
5289,8
5290,7
5291,7
5292,5
5293,7
5294,5
5295,12
5296,5
5297,7
5298,4
5299,6
5300,8
5301,7
5302,7
5303,6
5304,11
5305,4
5306,7
5307,7
5308,12
5309,6
5310,3
5311,8
5312,6
5313,11
5314,7
5315,9
5316,8
5317,2
5318,11
5319,6
5320,11
5321,8
5322,7
5323,7
5324,6
5325,7
5326,4
5327,2
5328,7
5329,5
5330,3
5331,6
5332,3
5333,5
5334,2
5335,3
5336,6
5337,10
5338,12
5339,5
5340,4
5341,6
5342,4
5343,7
5344,4
5345,11
5346,7
5347,9
5348,7
5349,9
5350,5
5351,8
5352,5
5353,4
5354,9
5355,5
5356,7
5357,11
5358,5
5359,7
5360,3
5361,8
5362,5
5363,5
5364,6
5365,14
5366,6
5367,5
5368,9
5369,8
5370,9
5371,8
5372,4
5373,9
5374,11
5375,4
5376,2
5377,10
5378,5
5379,4
5380,5
5381,8
5382,5
5383,5
5384,6
5385,6
5386,10
5387,4
5388,10
5389,6
5390,6
5391,6
5392,6
5393,6
5394,8
5395,7
5396,1
5397,9
5398,9
5399,7
5400,8
5401,6
5402,6
5403,5
5404,4
5405,7
5406,6
5407,8
5408,7
5409,4
5410,10
5411,6
5412,5
5413,5
5414,10
5415,4
5416,3
5417,8
5418,8
5419,1
5420,4
5421,9
5422,6
5423,6
5424,11
5425,3
5426,3
5427,6
5428,9
5429,7
5430,8
5431,11
5432,7
5433,9
5434,9
5435,5
5436,7
5437,9
5438,7
5439,8
5440,6
5441,6
5442,4
5443,7
5444,7
5445,7
5446,3
5447,7
5448,8
5449,4
5450,10
5451,5
5452,4
5453,11
5454,5
5455,5
5456,8
5457,11
5458,5
5459,10
5460,5
5461,5
5462,6
5463,7
5464,6
5465,7
5466,6
5467,9
5468,3
5469,7
5470,12
5471,4
5472,5
5473,9
5474,5
5475,10
5476,5
5477,9
5478,7
5479,9
5480,8
5481,9
5482,14
5483,7
5484,5
5485,9
5486,11
5487,10
5488,9
5489,5
5490,7
5491,7
5492,7
5493,9
5494,4
5495,10
5496,6
5497,2
5498,7
5499,7
5500,10
5501,7
5502,12
5503,7
5504,7
5505,5
5506,6
5507,9
5508,8
5509,8
5510,6
5511,10
5512,5
5513,7
5514,9
5515,8
5516,6
5517,13
5518,2
5519,7
5520,10
5521,4
5522,5
5523,8
5524,8
5525,6
5526,9
5527,5
5528,8
5529,3
5530,4
5531,7
5532,7
5533,8
5534,8
5535,12
5536,12
5537,7
5538,4
5539,10
5540,9
5541,4
5542,11
5543,6
5544,5
5545,9
5546,9
5547,3
5548,8
5549,11
5550,7
5551,14
5552,9
5553,3
5554,10
5555,9
5556,7
5557,4
5558,9
5559,6
5560,8
5561,10
5562,6
5563,9
5564,6
5565,7
5566,7
5567,10
5568,5
5569,2
5570,7
5571,2
5572,7
5573,7
5574,9
5575,4
5576,9
5577,0
5578,2
5579,6
5580,3
5581,5
5582,1
5583,10
5584,5
5585,4
5586,6
5587,8
5588,12
5589,6
5590,10
5591,7
5592,13
5593,7
5594,10
5595,8
5596,9
5597,6
5598,10
5599,8
5600,7
5601,9
5602,4
5603,8
5604,6
5605,6
5606,6
5607,9
5608,6
5609,7
5610,6
5611,10
5612,10
5613,8
5614,8
5615,7
5616,7
5617,5
5618,6
5619,6
5620,10
5621,5
5622,7
5623,5
5624,4
5625,4
5626,8
5627,2
5628,8
5629,6
5630,7
5631,4
5632,5
5633,6
5634,6
5635,6
5636,4
5637,9
5638,8
5639,7
5640,8
5641,6
5642,4
5643,4
5644,5
5645,6
5646,8
5647,9
5648,4
5649,4
5650,7
5651,7
5652,13
5653,5
5654,7
5655,6
5656,9
5657,7
5658,6
5659,9
5660,13
5661,9
5662,8
5663,8
5664,1
5665,6
5666,4
5667,6
5668,11
5669,9
5670,8
5671,4
5672,7
5673,4
5674,4
5675,11
5676,9
5677,5
5678,6
5679,5
5680,9
5681,7
5682,7
5683,5
5684,8
5685,7
5686,7
5687,9
5688,6
5689,6
5690,10
5691,9
5692,5
5693,8
5694,6
5695,10
5696,3
5697,4
5698,5
5699,2
5700,8
5701,10
5702,5
5703,7
5704,7
5705,6
5706,10
5707,10
5708,7
5709,8
5710,9
5711,4
5712,11
5713,6
5714,6
5715,5
5716,9
5717,11
5718,5
5719,4
5720,6
5721,8
5722,8
5723,7
5724,9
5725,9
5726,4
5727,4
5728,9
5729,8
5730,11
5731,6
5732,5
5733,4
5734,9
5735,6
5736,7
5737,7
5738,5
5739,7
5740,6
5741,4
5742,13
5743,5
5744,6
5745,8
5746,6
5747,8
5748,6
5749,8
5750,5
5751,7
5752,8
5753,9
5754,7
5755,14
5756,8
5757,5
5758,9
5759,5
5760,6
5761,7
5762,9
5763,5
5764,8
5765,10
5766,8
5767,8
5768,5
5769,6
5770,7
5771,11
5772,6
5773,5
5774,5
5775,9
5776,12
5777,4
5778,2
5779,9
5780,7
5781,7
5782,4
5783,8
5784,5
5785,4
5786,10
5787,5
5788,10
5789,4
5790,8
5791,10
5792,13
5793,4
5794,5
5795,6
5796,6
5797,6
5798,7
5799,9
5800,4
5801,4
5802,7
5803,9
5804,7
5805,5
5806,5
5807,7
5808,10
5809,5
5810,5
5811,10
5812,6
5813,7
5814,4
5815,4
5816,7
5817,6
5818,9
5819,10
5820,7
5821,7
5822,6
5823,3
5824,5
5825,6
5826,8
5827,5
5828,7
5829,6
5830,9
5831,5
5832,8
5833,5
5834,10
5835,5
5836,9
5837,5
5838,6
5839,9
5840,14
5841,7
5842,9
5843,6
5844,8
5845,6
5846,5
5847,10
5848,8
5849,6
5850,3
5851,9
5852,2
5853,8
5854,11
5855,11
5856,5
5857,11
5858,4
5859,8
5860,12
5861,5
5862,9
5863,2
5864,9
5865,5
5866,8
5867,11
5868,7
5869,6
5870,7
5871,5
5872,4
5873,3
5874,6
5875,4
5876,5
5877,7
5878,9
5879,8
5880,8
5881,9
5882,7
5883,3
5884,10
5885,7
5886,8
5887,4
5888,9
5889,6
5890,10
5891,8
5892,4
5893,8
5894,3
5895,8
5896,6
5897,8
5898,8
5899,7
5900,9
5901,7
5902,3
5903,3
5904,7
5905,8
5906,6
5907,5
5908,6
5909,9
5910,6
5911,7
5912,8
5913,7
5914,8
5915,4
5916,6
5917,10
5918,6
5919,8
5920,8
5921,7
5922,7
5923,8
5924,6
5925,5
5926,6
5927,8
5928,7
5929,5
5930,6
5931,10
5932,6
5933,8
5934,9
5935,8
5936,7
5937,7
5938,5
5939,10
5940,9
5941,11
5942,7
5943,2
5944,2
5945,7
5946,5
5947,11
5948,8
5949,8
5950,9
5951,9
5952,11
5953,5
5954,6
5955,10
5956,5
5957,7
5958,3
5959,10
5960,8
5961,5
5962,5
5963,9
5964,9
5965,4
5966,3
5967,6
5968,5
5969,6
5970,5
5971,4
5972,5
5973,6
5974,13
5975,8
5976,3
5977,6
5978,5
5979,7
5980,4
5981,7
5982,3
5983,7
5984,13
5985,8
5986,7
5987,13
5988,3
5989,10
5990,7
5991,7
5992,11
5993,10
5994,8
5995,4
5996,6
5997,4
5998,10
5999,6
6000,12
6001,5
6002,3
6003,7
6004,9
6005,8
6006,5
6007,6
6008,4
6009,4
6010,7
6011,5
6012,6
6013,8
6014,9
6015,5
6016,7
6017,8
6018,11
6019,4
6020,6
6021,6
6022,5
6023,6
6024,7
6025,6
6026,7
6027,9
6028,12
6029,7
6030,9
6031,9
6032,5
6033,5
6034,3
6035,11
6036,11
6037,4
6038,10
6039,7
6040,7
6041,3
6042,3
6043,11
6044,5
6045,5
6046,5
6047,11
6048,12
6049,3
6050,10
6051,7
6052,3
6053,6
6054,7
6055,2
6056,9
6057,12
6058,4
6059,10
6060,5
6061,6
6062,5
6063,7
6064,6
6065,13
6066,4
6067,7
6068,4
6069,8
6070,10
6071,8
6072,15
6073,8
6074,11
6075,8
6076,7
6077,9
6078,6
6079,6
6080,3
6081,11
6082,6
6083,6
6084,3
6085,7
6086,4
6087,3
6088,3
6089,5
6090,6
6091,10
6092,8
6093,5
6094,5
6095,3
6096,6
6097,9
6098,5
6099,4
6100,4
6101,4
6102,11
6103,4
6104,5
6105,8
6106,11
6107,17
6108,6
6109,10
6110,7
6111,3
6112,4
6113,2
6114,5
6115,10
6116,10
6117,3
6118,5
6119,8
6120,9
6121,5
6122,8
6123,9
6124,8
6125,9
6126,5
6127,11
6128,11
6129,2
6130,11
6131,5
6132,6
6133,5
6134,6
6135,3
6136,9
6137,7
6138,7
6139,7
6140,5
6141,4
6142,7
6143,10
6144,9
6145,6
6146,7
6147,11
6148,4
6149,10
6150,5
6151,9
6152,8
6153,7
6154,7
6155,10
6156,9
6157,9
6158,4
6159,2
6160,8
6161,9
6162,6
6163,4
6164,4
6165,2
6166,5
6167,3
6168,10
6169,5
6170,5
6171,6
6172,7
6173,5
6174,8
6175,14
6176,6
6177,5
6178,4
6179,9
6180,11
6181,7
6182,13
6183,5
6184,5
6185,5
6186,5
6187,9
6188,8
6189,7
6190,12
6191,9
6192,7
6193,5
6194,6
6195,7
6196,6
6197,8
6198,6
6199,6
6200,2
6201,4
6202,5
6203,7
6204,10
6205,9
6206,7
6207,4
6208,7
6209,7
6210,6
6211,10
6212,9
6213,10
6214,8
6215,4
6216,5
6217,10
6218,7
6219,3
6220,5
6221,11
6222,9
6223,5
6224,10
6225,6
6226,5
6227,4
6228,11
6229,8
6230,8
6231,8
6232,8
6233,4
6234,10
6235,4
6236,3
6237,5
6238,12
6239,5
6240,6
6241,9
6242,8
6243,6
6244,5
6245,8
6246,7
6247,4
6248,12
6249,8
6250,8
6251,6
6252,11
6253,6
6254,9
6255,8
6256,8
6257,4
6258,5
6259,8
6260,8
6261,5
6262,3
6263,11
6264,7
6265,10
6266,9
6267,8
6268,7
6269,8
6270,5
6271,7
6272,1
6273,3
6274,6
6275,2
6276,12
6277,8
6278,3
6279,7
6280,6
6281,8
6282,10
6283,6
6284,7
6285,3
6286,4
6287,6
6288,7
6289,4
6290,8
6291,10
6292,10
6293,10
6294,2
6295,7
6296,7
6297,8
6298,9
6299,7
6300,6
6301,3
6302,7
6303,4
6304,11
6305,10
6306,5
6307,6
6308,7
6309,7
6310,10
6311,2
6312,5
6313,9
6314,8
6315,6
6316,5
6317,4
6318,6
6319,2
6320,10
6321,8
6322,6
6323,6
6324,8
6325,5
6326,5
6327,6
6328,7
6329,9
6330,4
6331,7
6332,3
6333,7
6334,7
6335,11
6336,5
6337,8
6338,5
6339,5
6340,5
6341,7
6342,10
6343,6
6344,6
6345,6
6346,5
6347,4
6348,7
6349,10
6350,5
6351,2
6352,6
6353,7
6354,7
6355,5
6356,8
6357,4
6358,7
6359,6
6360,10
6361,9
6362,7
6363,3
6364,8
6365,6
6366,8
6367,11
6368,4
6369,4
6370,3
6371,5
6372,7
6373,6
6374,4
6375,8
6376,7
6377,8
6378,6
6379,6
6380,11
6381,9
6382,6
6383,3
6384,3
6385,6
6386,11
6387,6
6388,8
6389,8
6390,13
6391,10
6392,8
6393,6
6394,2
6395,13
6396,10
6397,7
6398,6
6399,7
6400,8
6401,7
6402,6
6403,9
6404,10
6405,3
6406,6
6407,6
6408,7
6409,7
6410,5
6411,5
6412,3
6413,3
6414,5
6415,5
6416,9
6417,7
6418,6
6419,4
6420,7
6421,5
6422,7
6423,4
6424,6
6425,4
6426,7
6427,7
6428,6
6429,2
6430,5
6431,8
6432,10
6433,12
6434,9
6435,8
6436,6
6437,7
6438,6
6439,9
6440,9
6441,11
6442,13
6443,6
6444,8
6445,2
6446,12
6447,8
6448,8
6449,8
6450,7
6451,7
6452,6
6453,6
6454,7
6455,4
6456,4
6457,5
6458,11
6459,6
6460,2
6461,5
6462,7
6463,5
6464,5
6465,6
6466,6
6467,9
6468,6
6469,6
6470,5
6471,9
6472,6
6473,6
6474,12
6475,7
6476,7
6477,10
6478,10
6479,7
6480,4
6481,8
6482,9
6483,9
6484,6
6485,6
6486,6
6487,12
6488,13
6489,2
6490,7
6491,3
6492,5
6493,4
6494,5
6495,11
6496,9
6497,7
6498,11
6499,9
6500,6
6501,7
6502,14
6503,9
6504,7
6505,9
6506,6
6507,6
6508,14
6509,6
6510,8
6511,10
6512,9
6513,8
6514,6
6515,11
6516,16
6517,7
6518,7
6519,7
6520,4
6521,11
6522,6
6523,7
6524,9
6525,6
6526,9
6527,7
6528,8
6529,6
6530,4
6531,9
6532,4
6533,9
6534,7
6535,4
6536,5
6537,8
6538,8
6539,6
6540,10
6541,8
6542,3
6543,8
6544,6
6545,12
6546,4
6547,5
6548,8
6549,5
6550,5
6551,13
6552,8
6553,3
6554,2
6555,3
6556,11
6557,6
6558,10
6559,6
6560,6
6561,8
6562,4
6563,4
6564,9
6565,7
6566,8
6567,5
6568,4
6569,7
6570,8
6571,10
6572,10
6573,9
6574,5
6575,11
6576,4
6577,7
6578,5
6579,5
6580,8
6581,6
6582,9
6583,4
6584,13
6585,8
6586,3
6587,6
6588,8
6589,11
6590,7
6591,6
6592,3
6593,4
6594,6
6595,7
6596,9
6597,7
6598,8
6599,8
6600,3
6601,3
6602,3
6603,8
6604,8
6605,8
6606,8
6607,7
6608,10
6609,6
6610,6
6611,5
6612,10
6613,10
6614,6
6615,7
6616,5
6617,5
6618,4
6619,7
6620,7
6621,5
6622,7
6623,8
6624,11
6625,4
6626,6
6627,8
6628,3
6629,8
6630,8
6631,6
6632,7
6633,7
6634,10
6635,11
6636,4
6637,8
6638,9
6639,10
6640,6
6641,5
6642,5
6643,7
6644,4
6645,7
6646,7
6647,12
6648,7
6649,6
6650,1
6651,8
6652,6
6653,7
6654,2
6655,10
6656,1
6657,5
6658,10
6659,4
6660,6
6661,7
6662,8
6663,10
6664,7
6665,12
6666,8
6667,15
6668,8
6669,6
6670,6
6671,7
6672,2
6673,7
6674,8
6675,5
6676,8
6677,11
6678,5
6679,10
6680,2
6681,7
6682,4
6683,9
6684,3
6685,4
6686,12
6687,4
6688,6
6689,8
6690,6
6691,7
6692,7
6693,8
6694,3
6695,6
6696,5
6697,10
6698,11
6699,11
6700,9
6701,2
6702,4
6703,9
6704,3
6705,6
6706,5
6707,7
6708,5
6709,5
6710,8
6711,5
6712,8
6713,7
6714,13
6715,6
6716,10
6717,9
6718,6
6719,6
6720,7
6721,10
6722,6
6723,6
6724,5
6725,3
6726,7
6727,4
6728,9
6729,3
6730,3
6731,9
6732,10
6733,4
6734,8
6735,10
6736,7
6737,15
6738,7
6739,6
6740,6
6741,7
6742,6
6743,7
6744,8
6745,8
6746,6
6747,5
6748,7
6749,6
6750,11
6751,3
6752,6
6753,11
6754,5
6755,9
6756,9
6757,6
6758,8
6759,14
6760,8
6761,6
6762,2
6763,6
6764,4
6765,7
6766,7
6767,8
6768,5
6769,8
6770,4
6771,5
6772,7
6773,10
6774,5
6775,6
6776,3
6777,10
6778,8
6779,5
6780,4
6781,10
6782,7
6783,4
6784,8
6785,5
6786,9
6787,0
6788,3
6789,6
6790,10
6791,13
6792,3
6793,5
6794,7
6795,2
6796,3
6797,5
6798,7
6799,6
6800,4
6801,5
6802,7
6803,9
6804,10
6805,8
6806,8
6807,10
6808,8
6809,5
6810,7
6811,5
6812,10
6813,8
6814,9
6815,7
6816,8
6817,4
6818,6
6819,9
6820,10
6821,4
6822,3
6823,4
6824,4
6825,9
6826,4
6827,6
6828,8
6829,10
6830,4
6831,10
6832,6
6833,9
6834,5
6835,2
6836,5
6837,3
6838,5
6839,7
6840,10
6841,8
6842,5
6843,3
6844,3
6845,2
6846,6
6847,7
6848,11
6849,5
6850,4
6851,8
6852,7
6853,7
6854,7
6855,4
6856,8
6857,5
6858,4
6859,2
6860,7
6861,6
6862,5
6863,7
6864,4
6865,4
6866,6
6867,9
6868,4
6869,4
6870,6
6871,10
6872,7
6873,8
6874,8
6875,4
6876,4
6877,7
6878,0
6879,6
6880,3
6881,4
6882,4
6883,9
6884,8
6885,6
6886,4
6887,6
6888,9
6889,4
6890,9
6891,5
6892,6
6893,10
6894,7
6895,3
6896,2
6897,6
6898,9
6899,5
6900,7
6901,5
6902,7
6903,3
6904,10
6905,10
6906,6
6907,11
6908,5
6909,9
6910,12
6911,2
6912,11
6913,5
6914,7
6915,10
6916,8
6917,6
6918,9
6919,7
6920,8
6921,6
6922,4
6923,5
6924,7
6925,7
6926,2
6927,11
6928,7
6929,9
6930,10
6931,4
6932,5
6933,8
6934,4
6935,6
6936,6
6937,5
6938,5
6939,7
6940,5
6941,7
6942,7
6943,7
6944,13
6945,7
6946,4
6947,7
6948,3
6949,3
6950,8
6951,6
6952,13
6953,9
6954,3
6955,8
6956,12
6957,4
6958,7
6959,4
6960,8
6961,2
6962,4
6963,11
6964,5
6965,6
6966,6
6967,8
6968,7
6969,9
6970,12
6971,6
6972,7
6973,4
6974,4
6975,7
6976,10
6977,10
6978,6
6979,6
6980,8
6981,3
6982,6
6983,10
6984,6
6985,3
6986,6
6987,5
6988,4
6989,4
6990,8
6991,9
6992,7
6993,2
6994,6
6995,8
6996,6
6997,6
6998,6
6999,5
7000,3
7001,9
7002,6
7003,4
7004,9
7005,8
7006,11
7007,8
7008,1
7009,9
7010,3
7011,4
7012,11
7013,6
7014,4
7015,5
7016,4
7017,5
7018,7
7019,2
7020,6
7021,2
7022,10
7023,7
7024,8
7025,8
7026,4
7027,9
7028,6
7029,3
7030,7
7031,2
7032,6
7033,9
7034,6
7035,1
7036,8
7037,11
7038,6
7039,10
7040,8
7041,11
7042,5
7043,6
7044,9
7045,9
7046,8
7047,4
7048,6
7049,10
7050,9
7051,5
7052,3
7053,11
7054,5
7055,5
7056,6
7057,8
7058,11
7059,7
7060,6
7061,4
7062,6
7063,5
7064,11
7065,10
7066,9
7067,7
7068,7
7069,7
7070,4
7071,6
7072,13
7073,7
7074,10
7075,5
7076,9
7077,11
7078,3
7079,4
7080,6
7081,7
7082,5
7083,4
7084,6
7085,4
7086,7
7087,3
7088,8
7089,8
7090,6
7091,7
7092,7
7093,9
7094,4
7095,5
7096,7
7097,6
7098,2
7099,6
7100,7
7101,6
7102,2
7103,6
7104,4
7105,11
7106,9
7107,6
7108,8
7109,7
7110,8
7111,12
7112,7
7113,3
7114,5
7115,14
7116,10
7117,8
7118,9
7119,8
7120,5
7121,6
7122,2
7123,3
7124,11
7125,5
7126,8
7127,6
7128,10
7129,4
7130,6
7131,8
7132,9
7133,4
7134,4
7135,5
7136,9
7137,9
7138,5
7139,9
7140,14
7141,7
7142,6
7143,5
7144,10
7145,6
7146,4
7147,8
7148,10
7149,4
7150,6
7151,8
7152,6
7153,6
7154,8
7155,7
7156,6
7157,6
7158,5
7159,9
7160,1
7161,7
7162,9
7163,6
7164,7
7165,6
7166,5
7167,4
7168,10
7169,6
7170,6
7171,6
7172,8
7173,5
7174,5
7175,5
7176,4
7177,10
7178,7
7179,9
7180,3
7181,4
7182,9
7183,9
7184,8
7185,9
7186,5
7187,11
7188,2
7189,9
7190,6
7191,11
7192,8
7193,9
7194,10
7195,6
7196,9
7197,4
7198,10
7199,6
7200,3
7201,14
7202,4
7203,3
7204,5
7205,6
7206,4
7207,6
7208,3
7209,9
7210,3
7211,5
7212,7
7213,7
7214,6
7215,10
7216,9
7217,5
7218,6
7219,4
7220,9
7221,3
7222,3
7223,5
7224,8
7225,5
7226,7
7227,9
7228,7
7229,10
7230,9
7231,5
7232,10
7233,12
7234,11
7235,6
7236,13
7237,4
7238,3
7239,6
7240,4
7241,5
7242,7
7243,3
7244,8
7245,11
7246,7
7247,10
7248,12
7249,8
7250,8
7251,10
7252,7
7253,7
7254,10
7255,10
7256,5
7257,3
7258,7
7259,4
7260,5
7261,8
7262,10
7263,14
7264,10
7265,10
7266,4
7267,4
7268,10
7269,8
7270,4
7271,5
7272,6
7273,7
7274,11
7275,9
7276,4
7277,4
7278,7
7279,12
7280,4
7281,5
7282,9
7283,6
7284,4
7285,5
7286,14
7287,8
7288,5
7289,8
7290,2
7291,8
7292,7
7293,5
7294,9
7295,7
7296,4
7297,7
7298,10
7299,9
7300,6
7301,11
7302,7
7303,3
7304,6
7305,7
7306,12
7307,12
7308,4
7309,13
7310,8
7311,8
7312,8
7313,12
7314,6
7315,3
7316,11
7317,7
7318,8
7319,8
7320,3
7321,7
7322,7
7323,7
7324,3
7325,8
7326,5
7327,8
7328,9
7329,7
7330,9
7331,4
7332,5
7333,10
7334,6
7335,5
7336,10
7337,2
7338,7
7339,7
7340,7
7341,5
7342,9
7343,8
7344,5
7345,7
7346,7
7347,5
7348,5
7349,5
7350,4
7351,9
7352,8
7353,6
7354,5
7355,8
7356,6
7357,6
7358,2
7359,2
7360,7
7361,7
7362,6
7363,5
7364,6
7365,11
7366,7
7367,4
7368,4
7369,14
7370,10
7371,7
7372,11
7373,6
7374,8
7375,10
7376,6
7377,5
7378,8
7379,11
7380,9
7381,9
7382,5
7383,7
7384,10
7385,4
7386,7
7387,9
7388,8
7389,5
7390,4
7391,7
7392,11
7393,12
7394,9
7395,9
7396,6
7397,4
7398,6
7399,10
7400,10
7401,7
7402,8
7403,6
7404,5
7405,5
7406,6
7407,2
7408,4
7409,4
7410,8
7411,9
7412,3
7413,14
7414,7
7415,4
7416,9
7417,15
7418,8
7419,7
7420,6
7421,7
7422,9
7423,14
7424,5
7425,3
7426,7
7427,4
7428,8
7429,8
7430,9
7431,5
7432,6
7433,4
7434,2
7435,5
7436,7
7437,8
7438,8
7439,8
7440,9
7441,3
7442,4
7443,6
7444,2
7445,8
7446,5
7447,4
7448,4
7449,10
7450,6
7451,6
7452,8
7453,5
7454,9
7455,6
7456,9
7457,5
7458,8
7459,7
7460,4
7461,8
7462,6
7463,6
7464,6
7465,8
7466,5
7467,9
7468,7
7469,8
7470,5
7471,8
7472,6
7473,10
7474,5
7475,9
7476,9
7477,8
7478,5
7479,7
7480,5
7481,10
7482,7
7483,4
7484,1
7485,7
7486,8
7487,4
7488,3
7489,6
7490,8
7491,4
7492,1
7493,7
7494,7
7495,5
7496,12
7497,5
7498,6
7499,8
7500,9
7501,5
7502,5
7503,5
7504,3
7505,6
7506,4
7507,9
7508,7
7509,10
7510,7
7511,6
7512,4
7513,5
7514,6
7515,6
7516,1
7517,2
7518,10
7519,9
7520,4
7521,7
7522,12
7523,5
7524,9
7525,3
7526,6
7527,5
7528,3
7529,9
7530,10
7531,4
7532,11
7533,3
7534,5
7535,7
7536,5
7537,10
7538,5
7539,7
7540,6
7541,2
7542,11
7543,4
7544,15
7545,13
7546,17
7547,6
7548,11
7549,5
7550,6
7551,9
7552,2
7553,13
7554,7
7555,7
7556,8
7557,4
7558,6
7559,7
7560,13
7561,4
7562,5
7563,6
7564,6
7565,4
7566,11
7567,7
7568,7
7569,10
7570,6
7571,5
7572,5
7573,8
7574,11
7575,8
7576,3
7577,10
7578,7
7579,6
7580,8
7581,5
7582,6
7583,7
7584,5
7585,7
7586,4
7587,13
7588,6
7589,4
7590,6
7591,5
7592,11
7593,10
7594,5
7595,5
7596,8
7597,10
7598,5
7599,4
7600,8
7601,5
7602,5
7603,8
7604,10
7605,7
7606,10
7607,8
7608,12
7609,7
7610,8
7611,8
7612,10
7613,8
7614,6
7615,4
7616,11
7617,8
7618,12
7619,10
7620,2
7621,4
7622,6
7623,8
7624,8
7625,6
7626,6
7627,7
7628,7
7629,9
7630,6
7631,4
7632,9
7633,3
7634,11
7635,7
7636,8
7637,12
7638,8
7639,8
7640,13
7641,12
7642,5
7643,7
7644,2
7645,5
7646,7
7647,9
7648,11
7649,4
7650,9
7651,6
7652,10
7653,4
7654,9
7655,4
7656,11
7657,11
7658,9
7659,7
7660,5
7661,8
7662,6
7663,7
7664,6
7665,3
7666,7
7667,5
7668,5
7669,8
7670,6
7671,7
7672,7
7673,7
7674,5
7675,10
7676,12
7677,10
7678,5
7679,5
7680,6
7681,6
7682,10
7683,8
7684,7
7685,9
7686,9
7687,7
7688,7
7689,4
7690,9
7691,3
7692,7
7693,2
7694,5
7695,6
7696,6
7697,6
7698,5
7699,3
7700,4
7701,11
7702,4
7703,8
7704,7
7705,7
7706,7
7707,6
7708,8
7709,7
7710,10
7711,6
7712,7
7713,7
7714,6
7715,6
7716,7
7717,4
7718,10
7719,8
7720,7
7721,8
7722,3
7723,12
7724,10
7725,8
7726,6
7727,4
7728,10
7729,10
7730,5
7731,10
7732,7
7733,7
7734,4
7735,8
7736,5
7737,6
7738,1
7739,7
7740,9
7741,12
7742,8
7743,7
7744,5
7745,9
7746,9
7747,7
7748,6
7749,8
7750,6
7751,4
7752,7
7753,8
7754,7
7755,10
7756,5
7757,8
7758,11
7759,6
7760,3
7761,6
7762,6
7763,5
7764,11
7765,9
7766,5
7767,4
7768,6
7769,8
7770,5
7771,5
7772,7
7773,7
7774,8
7775,1
7776,9
7777,8
7778,10
7779,7
7780,8
7781,8
7782,8
7783,5
7784,5
7785,5
7786,2
7787,6
7788,9
7789,4
7790,8
7791,7
7792,6
7793,13
7794,6
7795,7
7796,13
7797,7
7798,7
7799,6
7800,4
7801,7
7802,10
7803,9
7804,0
7805,7
7806,6
7807,7
7808,8
7809,8
7810,6
7811,8
7812,5
7813,7
7814,6
7815,7
7816,6
7817,6
7818,10
7819,9
7820,5
7821,6
7822,5
7823,10
7824,8
7825,12
7826,12
7827,10
7828,6
7829,7
7830,9
7831,6
7832,9
7833,6
7834,8
7835,7
7836,5
7837,3
7838,6
7839,5
7840,8
7841,5
7842,10
7843,12
7844,9
7845,7
7846,7
7847,11
7848,4
7849,1
7850,5
7851,8
7852,7
7853,3
7854,6
7855,5
7856,9
7857,3
7858,7
7859,10
7860,9
7861,7
7862,7
7863,10
7864,4
7865,11
7866,6
7867,5
7868,7
7869,8
7870,9
7871,6
7872,3
7873,9
7874,11
7875,7
7876,10
7877,6
7878,4
7879,8
7880,4
7881,4
7882,9
7883,5
7884,3
7885,12
7886,9
7887,7
7888,9
7889,9
7890,9
7891,6
7892,6
7893,9
7894,7
7895,1
7896,8
7897,1
7898,5
7899,6
7900,3
7901,7
7902,6
7903,4
7904,3
7905,7
7906,9
7907,2
7908,5
7909,6
7910,6
7911,3
7912,3
7913,11
7914,5
7915,9
7916,4
7917,8
7918,7
7919,5
7920,7
7921,5
7922,12
7923,4
7924,10
7925,2
7926,8
7927,6
7928,12
7929,7
7930,7
7931,8
7932,5
7933,7
7934,10
7935,4
7936,10
7937,9
7938,4
7939,8
7940,6
7941,5
7942,6
7943,6
7944,6
7945,7
7946,8
7947,8
7948,6
7949,3
7950,8
7951,7
7952,8
7953,7
7954,7
7955,13
7956,9
7957,9
7958,9
7959,8
7960,4
7961,10
7962,9
7963,10
7964,10
7965,6
7966,7
7967,10
7968,7
7969,4
7970,9
7971,9
7972,10
7973,3
7974,7
7975,9
7976,6
7977,7
7978,6
7979,8
7980,6
7981,4
7982,11
7983,8
7984,13
7985,13
7986,5
7987,3
7988,7
7989,10
7990,11
7991,3
7992,5
7993,6
7994,6
7995,8
7996,11
7997,4
7998,8
7999,3
8000,9
8001,4
8002,5
8003,4
8004,2
8005,8
8006,7
8007,10
8008,8
8009,10
8010,9
8011,10
8012,4
8013,9
8014,10
8015,10
8016,5
8017,3
8018,7
8019,6
8020,8
8021,6
8022,4
8023,7
8024,6
8025,8
8026,7
8027,5
8028,3
8029,5
8030,13
8031,11
8032,8
8033,9
8034,9
8035,7
8036,6
8037,6
8038,7
8039,8
8040,16
8041,7
8042,3
8043,5
8044,9
8045,9
8046,12
8047,7
8048,5
8049,9
8050,10
8051,7
8052,11
8053,9
8054,7
8055,13
8056,7
8057,2
8058,6
8059,8
8060,5
8061,6
8062,4
8063,5
8064,11
8065,3
8066,5
8067,7
8068,6
8069,8
8070,7
8071,7
8072,6
8073,6
8074,6
8075,10
8076,5
8077,6
8078,4
8079,3
8080,7
8081,9
8082,6
8083,14
8084,5
8085,10
8086,7
8087,8
8088,5
8089,5
8090,8
8091,8
8092,6
8093,2
8094,3
8095,3
8096,5
8097,8
8098,11
8099,9
8100,4
8101,9
8102,2
8103,6
8104,8
8105,4
8106,4
8107,6
8108,8
8109,2
8110,3
8111,7
8112,10
8113,7
8114,15
8115,8
8116,10
8117,7
8118,8
8119,5
8120,12
8121,7
8122,9
8123,4
8124,6
8125,10
8126,11
8127,9
8128,5
8129,8
8130,6
8131,8
8132,7
8133,14
8134,5
8135,6
8136,8
8137,9
8138,8
8139,8
8140,5
8141,9
8142,9
8143,3
8144,2
8145,7
8146,12
8147,5
8148,10
8149,5
8150,4
8151,6
8152,7
8153,10
8154,7
8155,8
8156,5
8157,10
8158,9
8159,7
8160,5
8161,2
8162,6
8163,7
8164,7
8165,10
8166,6
8167,2
8168,5
8169,9
8170,5
8171,5
8172,5
8173,7
8174,5
8175,6
8176,9
8177,3
8178,8
8179,13
8180,4
8181,7
8182,10
8183,5
8184,5
8185,6
8186,6
8187,10
8188,2
8189,10
8190,7
8191,7
8192,8
8193,6
8194,12
8195,3
8196,4
8197,3
8198,3
8199,4
8200,6
8201,6
8202,9
8203,9
8204,11
8205,5
8206,6
8207,7
8208,8
8209,5
8210,9
8211,10
8212,4
8213,5
8214,5
8215,5
8216,7
8217,7
8218,5
8219,13
8220,9
8221,7
8222,7
8223,7
8224,7
8225,10
8226,3
8227,9
8228,10
8229,4
8230,8
8231,1
8232,8
8233,7
8234,4
8235,10
8236,7
8237,5
8238,7
8239,10
8240,5
8241,8
8242,8
8243,3
8244,8
8245,5
8246,6
8247,11
8248,10
8249,8
8250,4
8251,9
8252,7
8253,9
8254,7
8255,5
8256,12
8257,10
8258,5
8259,4
8260,8
8261,6
8262,6
8263,4
8264,4
8265,8
8266,9
8267,6
8268,3
8269,6
8270,4
8271,8
8272,5
8273,6
8274,3
8275,15
8276,3
8277,8
8278,5
8279,7
8280,6
8281,3
8282,6
8283,3
8284,6
8285,7
8286,7
8287,8
8288,5
8289,6
8290,5
8291,4
8292,9
8293,11
8294,9
8295,8
8296,8
8297,8
8298,7
8299,10
8300,11
8301,8
8302,4
8303,6
8304,6
8305,3
8306,10
8307,9
8308,7
8309,5
8310,11
8311,5
8312,4
8313,4
8314,3
8315,5
8316,6
8317,4
8318,5
8319,7
8320,1
8321,9
8322,9
8323,9
8324,9
8325,8
8326,6
8327,5
8328,4
8329,8
8330,8
8331,4
8332,11
8333,12
8334,11
8335,9
8336,6
8337,3
8338,7
8339,8
8340,4
8341,8
8342,4
8343,7
8344,7
8345,5
8346,11
8347,9
8348,3
8349,4
8350,7
8351,5
8352,3
8353,4
8354,8
8355,6
8356,11
8357,7
8358,5
8359,11
8360,9
8361,5
8362,7
8363,6
8364,4
8365,7
8366,8
8367,5
8368,4
8369,7
8370,8
8371,12
8372,11
8373,9
8374,9
8375,5
8376,1
8377,10
8378,9
8379,4
8380,10
8381,6
8382,6
8383,6
8384,3
8385,7
8386,3
8387,4
8388,5
8389,6
8390,11
8391,5
8392,14
8393,4
8394,5
8395,9
8396,7
8397,10
8398,10
8399,7
8400,5
8401,8
8402,14
8403,10
8404,4
8405,10
8406,6
8407,6
8408,6
8409,14
8410,7
8411,4
8412,3
8413,5
8414,3
8415,7
8416,7
8417,8
8418,4
8419,5
8420,3
8421,3
8422,8
8423,6
8424,5
8425,8
8426,11
8427,7
8428,12
8429,6
8430,4
8431,7
8432,4
8433,3
8434,8
8435,8
8436,10
8437,7
8438,13
8439,6
8440,4
8441,6
8442,2
8443,12
8444,5
8445,7
8446,9
8447,6
8448,10
8449,3
8450,6
8451,9
8452,6
8453,15
8454,9
8455,5
8456,6
8457,8
8458,9
8459,5
8460,8
8461,4
8462,9
8463,8
8464,12
8465,4
8466,9
8467,6
8468,10
8469,7
8470,11
8471,8
8472,8
8473,11
8474,8
8475,13
8476,5
8477,6
8478,5
8479,3
8480,7
8481,9
8482,5
8483,6
8484,3
8485,7
8486,10
8487,8
8488,4
8489,10
8490,7
8491,10
8492,6
8493,5
8494,4
8495,5
8496,4
8497,3
8498,6
8499,2
8500,6
8501,4
8502,6
8503,5
8504,7
8505,9
8506,8
8507,8
8508,6
8509,4
8510,9
8511,7
8512,10
8513,4
8514,9
8515,3
8516,7
8517,7
8518,7
8519,6
8520,6
8521,7
8522,7
8523,7
8524,7
8525,6
8526,7
8527,9
8528,5
8529,13
8530,12
8531,6
8532,4
8533,7
8534,8
8535,9
8536,7
8537,7
8538,8
8539,4
8540,9
8541,8
8542,7
8543,9
8544,8
8545,3
8546,4
8547,6
8548,4
8549,5
8550,10
8551,5
8552,9
8553,5
8554,5
8555,7
8556,10
8557,8
8558,5
8559,12
8560,7
8561,6
8562,8
8563,6
8564,6
8565,5
8566,15
8567,5
8568,8
8569,5
8570,8
8571,6
8572,6
8573,6
8574,6
8575,4
8576,8
8577,9
8578,10
8579,7
8580,6
8581,11
8582,6
8583,10
8584,7
8585,2
8586,4
8587,6
8588,6
8589,6
8590,7
8591,2
8592,6
8593,6
8594,6
8595,7
8596,8
8597,5
8598,8
8599,10
8600,9
8601,2
8602,5
8603,9
8604,4
8605,8
8606,8
8607,7
8608,9
8609,10
8610,6
8611,2
8612,3
8613,3
8614,2
8615,8
8616,9
8617,9
8618,10
8619,5
8620,12
8621,7
8622,6
8623,5
8624,10
8625,6
8626,6
8627,6
8628,7
8629,4
8630,3
8631,8
8632,7
8633,11
8634,3
8635,7
8636,8
8637,10
8638,7
8639,12
8640,7
8641,8
8642,7
8643,2
8644,9
8645,2
8646,8
8647,8
8648,5
8649,10
8650,3
8651,10
8652,9
8653,10
8654,6
8655,3
8656,8
8657,9
8658,14
8659,9
8660,6
8661,7
8662,5
8663,9
8664,5
8665,6
8666,10
8667,7
8668,3
8669,6
8670,5
8671,7
8672,5
8673,8
8674,6
8675,11
8676,5
8677,9
8678,7
8679,5
8680,11
8681,5
8682,7
8683,7
8684,5
8685,6
8686,10
8687,6
8688,4
8689,3
8690,9
8691,6
8692,4
8693,13
8694,5
8695,11
8696,9
8697,7
8698,7
8699,8
8700,6
8701,11
8702,9
8703,7
8704,6
8705,7
8706,10
8707,9
8708,9
8709,6
8710,8
8711,2
8712,14
8713,4
8714,6
8715,4
8716,5
8717,8
8718,5
8719,6
8720,8
8721,12
8722,7
8723,5
8724,5
8725,3
8726,7
8727,4
8728,4
8729,7
8730,12
8731,6
8732,4
8733,7
8734,10
8735,5
8736,8
8737,8
8738,5
8739,5
8740,4
8741,1
8742,8
8743,7
8744,9
8745,9
8746,7
8747,4
8748,12
8749,7
8750,5
8751,5
8752,9
8753,5
8754,9
8755,2
8756,7
8757,2
8758,7
8759,6
8760,7
8761,5
8762,5
8763,6
8764,6
8765,5
8766,10
8767,10
8768,6
8769,8
8770,3
8771,6
8772,6
8773,10
8774,11
8775,8
8776,5
8777,4
8778,7
8779,6
8780,7
8781,2
8782,12
8783,7
8784,7
8785,4
8786,1
8787,7
8788,6
8789,7
8790,8
8791,5
8792,2
8793,7
8794,11
8795,6
8796,5
8797,5
8798,5
8799,9
8800,5
8801,8
8802,4
8803,7
8804,10
8805,9
8806,10
8807,7
8808,2
8809,6
8810,8
8811,12
8812,6
8813,9
8814,6
8815,6
8816,10
8817,8
8818,12
8819,7
8820,6
8821,1
8822,4
8823,9
8824,9
8825,2
8826,7
8827,7
8828,4
8829,5
8830,5
8831,4
8832,4
8833,6
8834,3
8835,5
8836,6
8837,5
8838,10
8839,5
8840,8
8841,7
8842,3
8843,9
8844,7
8845,9
8846,9
8847,6
8848,6
8849,6
8850,6
8851,8
8852,5
8853,6
8854,11
8855,9
8856,8
8857,4
8858,4
8859,5
8860,6
8861,5
8862,9
8863,7
8864,5
8865,7
8866,3
8867,9
8868,7
8869,11
8870,6
8871,10
8872,7
8873,6
8874,5
8875,5
8876,5
8877,7
8878,7
8879,6
8880,5
8881,5
8882,6
8883,9
8884,6
8885,8
8886,5
8887,12
8888,4
8889,11
8890,7
8891,9
8892,7
8893,6
8894,8
8895,8
8896,6
8897,3
8898,9
8899,6
8900,7
8901,4
8902,9
8903,8
8904,9
8905,5
8906,6
8907,7
8908,10
8909,9
8910,9
8911,4
8912,6
8913,7
8914,4
8915,5
8916,8
8917,10
8918,11
8919,6
8920,8
8921,9
8922,8
8923,9
8924,5
8925,6
8926,8
8927,8
8928,2
8929,5
8930,5
8931,5
8932,12
8933,7
8934,12
8935,6
8936,5
8937,12
8938,7
8939,8
8940,8
8941,14
8942,8
8943,4
8944,5
8945,4
8946,6
8947,9
8948,3
8949,8
8950,5
8951,7
8952,6
8953,3
8954,3
8955,3
8956,4
8957,4
8958,9
8959,8
8960,7
8961,9
8962,5
8963,8
8964,6
8965,4
8966,8
8967,7
8968,12
8969,10
8970,11
8971,11
8972,8
8973,5
8974,9
8975,7
8976,4
8977,7
8978,4
8979,8
8980,5
8981,10
8982,12
8983,9
8984,5
8985,4
8986,10
8987,1
8988,10
8989,7
8990,7
8991,10
8992,11
8993,9
8994,3
8995,6
8996,5
8997,9
8998,8
8999,7
9000,8
9001,8
9002,7
9003,7
9004,7
9005,10
9006,11
9007,13
9008,5
9009,4
9010,6
9011,3
9012,2
9013,9
9014,6
9015,12
9016,8
9017,2
9018,1
9019,7
9020,7
9021,6
9022,9
9023,5
9024,8
9025,3
9026,6
9027,7
9028,12
9029,4
9030,7
9031,8
9032,6
9033,10
9034,8
9035,9
9036,4
9037,4
9038,6
9039,2
9040,1
9041,6
9042,10
9043,15
9044,4
9045,7
9046,7
9047,9
9048,11
9049,8
9050,5
9051,7
9052,5
9053,9
9054,10
9055,5
9056,9
9057,11
9058,5
9059,4
9060,5
9061,8
9062,7
9063,8
9064,7
9065,7
9066,11
9067,4
9068,8
9069,6
9070,3
9071,5
9072,7
9073,7
9074,6
9075,11
9076,6
9077,10
9078,13
9079,11
9080,8
9081,12
9082,5
9083,6
9084,12
9085,7
9086,9
9087,8
9088,7
9089,9
9090,6
9091,13
9092,2
9093,9
9094,6
9095,6
9096,1
9097,13
9098,3
9099,6
9100,9
9101,6
9102,1
9103,8
9104,11
9105,6
9106,8
9107,7
9108,4
9109,12
9110,8
9111,10
9112,10
9113,10
9114,9
9115,5
9116,5
9117,8
9118,9
9119,4
9120,5
9121,5
9122,7
9123,10
9124,6
9125,7
9126,4
9127,7
9128,7
9129,5
9130,6
9131,9
9132,9
9133,5
9134,5
9135,3
9136,4
9137,9
9138,9
9139,7
9140,7
9141,6
9142,3
9143,12
9144,7
9145,4
9146,7
9147,5
9148,4
9149,7
9150,7
9151,9
9152,4
9153,9
9154,5
9155,10
9156,8
9157,5
9158,9
9159,13
9160,5
9161,6
9162,7
9163,2
9164,7
9165,7
9166,8
9167,10
9168,8
9169,10
9170,4
9171,6
9172,4
9173,6
9174,6
9175,5
9176,11
9177,9
9178,8
9179,7
9180,7
9181,5
9182,9
9183,3
9184,7
9185,5
9186,7
9187,3
9188,5
9189,5
9190,9
9191,5
9192,1
9193,5
9194,10
9195,5
9196,9
9197,5
9198,11
9199,9
9200,5
9201,7
9202,11
9203,7
9204,4
9205,7
9206,5
9207,9
9208,14
9209,5
9210,8
9211,7
9212,2
9213,6
9214,7
9215,13
9216,5
9217,8
9218,7
9219,10
9220,9
9221,8
9222,3
9223,5
9224,7
9225,9
9226,5
9227,7
9228,4
9229,7
9230,10
9231,11
9232,4
9233,12
9234,13
9235,9
9236,8
9237,6
9238,5
9239,6
9240,3
9241,6
9242,11
9243,6
9244,5
9245,6
9246,9
9247,9
9248,8
9249,7
9250,4
9251,6
9252,2
9253,5
9254,3
9255,5
9256,5
9257,8
9258,7
9259,7
9260,12
9261,10
9262,9
9263,6
9264,7
9265,10
9266,6
9267,5
9268,10
9269,4
9270,7
9271,11
9272,8
9273,5
9274,9
9275,6
9276,5
9277,6
9278,4
9279,4
9280,6
9281,8
9282,6
9283,15
9284,8
9285,6
9286,4
9287,5
9288,4
9289,4
9290,9
9291,7
9292,3
9293,5
9294,8
9295,10
9296,10
9297,5
9298,7
9299,4
9300,4
9301,8
9302,5
9303,10
9304,5
9305,5
9306,5
9307,3
9308,8
9309,3
9310,5
9311,11
9312,10
9313,10
9314,10
9315,11
9316,7
9317,8
9318,5
9319,7
9320,9
9321,9
9322,7
9323,5
9324,6
9325,8
9326,6
9327,8
9328,4
9329,8
9330,4
9331,5
9332,8
9333,9
9334,8
9335,9
9336,6
9337,9
9338,8
9339,6
9340,6
9341,6
9342,11
9343,5
9344,8
9345,10
9346,4
9347,3
9348,7
9349,8
9350,6
9351,4
9352,5
9353,18
9354,6
9355,10
9356,5
9357,4
9358,5
9359,5
9360,4
9361,8
9362,7
9363,8
9364,5
9365,5
9366,10
9367,8
9368,5
9369,6
9370,8
9371,4
9372,3
9373,5
9374,5
9375,4
9376,8
9377,9
9378,7
9379,9
9380,9
9381,5
9382,3
9383,10
9384,7
9385,5
9386,11
9387,5
9388,7
9389,9
9390,6
9391,5
9392,6
9393,7
9394,7
9395,15
9396,8
9397,6
9398,4
9399,7
9400,6
9401,6
9402,3
9403,6
9404,7
9405,9
9406,7
9407,11
9408,3
9409,10
9410,8
9411,6
9412,13
9413,11
9414,6
9415,9
9416,9
9417,4
9418,3
9419,10
9420,6
9421,7
9422,9
9423,3
9424,7
9425,4
9426,6
9427,9
9428,12
9429,7
9430,6
9431,9
9432,3
9433,6
9434,5
9435,5
9436,8
9437,12
9438,5
9439,5
9440,6
9441,10
9442,3
9443,6
9444,6
9445,6
9446,8
9447,14
9448,5
9449,7
9450,4
9451,7
9452,8
9453,7
9454,11
9455,5
9456,6
9457,6
9458,6
9459,7
9460,4
9461,12
9462,3
9463,5
9464,8
9465,10
9466,7
9467,3
9468,5
9469,6
9470,10
9471,8
9472,7
9473,9
9474,8
9475,4
9476,6
9477,7
9478,8
9479,15
9480,8
9481,6
9482,7
9483,4
9484,8
9485,8
9486,6
9487,11
9488,2
9489,5
9490,6
9491,5
9492,4
9493,8
9494,10
9495,4
9496,6
9497,5
9498,7
9499,7
9500,6
9501,5
9502,5
9503,6
9504,7
9505,8
9506,9
9507,10
9508,8
9509,9
9510,7
9511,3
9512,9
9513,12
9514,6
9515,11
9516,3
9517,11
9518,5
9519,9
9520,6
9521,10
9522,8
9523,14
9524,9
9525,1
9526,8
9527,6
9528,9
9529,8
9530,6
9531,6
9532,6
9533,6
9534,8
9535,3
9536,11
9537,5
9538,8
9539,9
9540,8
9541,3
9542,11
9543,6
9544,3
9545,7
9546,5
9547,10
9548,7
9549,10
9550,6
9551,12
9552,7
9553,8
9554,8
9555,9
9556,7
9557,6
9558,7
9559,3
9560,10
9561,5
9562,11
9563,9
9564,9
9565,10
9566,8
9567,6
9568,6
9569,4
9570,7
9571,3
9572,5
9573,11
9574,10
9575,13
9576,5
9577,5
9578,6
9579,8
9580,4
9581,6
9582,8
9583,5
9584,4
9585,11
9586,4
9587,5
9588,13
9589,7
9590,6
9591,8
9592,6
9593,9
9594,5
9595,4
9596,7
9597,7
9598,8
9599,5
9600,3
9601,5
9602,7
9603,5
9604,5
9605,7
9606,6
9607,14
9608,9
9609,8
9610,5
9611,5
9612,8
9613,7
9614,9
9615,8
9616,1
9617,3
9618,4
9619,7
9620,10
9621,5
9622,2
9623,5
9624,6
9625,9
9626,12
9627,6
9628,10
9629,8
9630,6
9631,10
9632,5
9633,5
9634,6
9635,10
9636,5
9637,8
9638,8
9639,5
9640,13
9641,2
9642,7
9643,4
9644,9
9645,6
9646,8
9647,6
9648,8
9649,9
9650,6
9651,9
9652,9
9653,8
9654,5
9655,7
9656,2
9657,3
9658,6
9659,4
9660,8
9661,13
9662,2
9663,7
9664,8
9665,7
9666,13
9667,8
9668,5
9669,12
9670,7
9671,10
9672,9
9673,8
9674,9
9675,6
9676,5
9677,7
9678,6
9679,8
9680,7
9681,8
9682,8
9683,3
9684,5
9685,6
9686,4
9687,8
9688,7
9689,8
9690,2
9691,5
9692,14
9693,12
9694,3
9695,7
9696,2
9697,5
9698,5
9699,3
9700,2
9701,7
9702,4
9703,3
9704,9
9705,3
9706,4
9707,11
9708,5
9709,6
9710,5
9711,6
9712,6
9713,8
9714,3
9715,7
9716,7
9717,9
9718,4
9719,6
9720,6
9721,12
9722,6
9723,3
9724,10
9725,2
9726,7
9727,8
9728,13
9729,8
9730,6
9731,5
9732,2
9733,8
9734,15
9735,3
9736,14
9737,7
9738,7
9739,7
9740,10
9741,11
9742,6
9743,6
9744,7
9745,5
9746,13
9747,6
9748,8
9749,3
9750,6
9751,8
9752,10
9753,9
9754,4
9755,6
9756,7
9757,5
9758,6
9759,7
9760,5
9761,5
9762,6
9763,3
9764,7
9765,5
9766,11
9767,5
9768,8
9769,9
9770,8
9771,15
9772,5
9773,3
9774,7
9775,13
9776,7
9777,10
9778,8
9779,6
9780,7
9781,7
9782,7
9783,7
9784,5
9785,6
9786,11
9787,10
9788,7
9789,7
9790,6
9791,10
9792,5
9793,6
9794,7
9795,6
9796,4
9797,8
9798,8
9799,9
9800,11
9801,9
9802,4
9803,7
9804,4
9805,13
9806,7
9807,6
9808,11
9809,4
9810,5
9811,1
9812,4
9813,11
9814,6
9815,0
9816,8
9817,5
9818,8
9819,2
9820,9
9821,7
9822,8
9823,6
9824,2
9825,8
9826,5
9827,7
9828,4
9829,5
9830,5
9831,8
9832,5
9833,6
9834,9
9835,8
9836,9
9837,10
9838,4
9839,10
9840,10
9841,9
9842,4
9843,4
9844,9
9845,7
9846,5
9847,5
9848,9
9849,9
9850,16
9851,4
9852,10
9853,15
9854,2
9855,8
9856,9
9857,13
9858,6
9859,7
9860,5
9861,5
9862,8
9863,4
9864,8
9865,9
9866,3
9867,6
9868,5
9869,7
9870,2
9871,8
9872,6
9873,8
9874,6
9875,5
9876,3
9877,7
9878,7
9879,6
9880,8
9881,7
9882,7
9883,8
9884,4
9885,6
9886,6
9887,6
9888,5
9889,14
9890,6
9891,7
9892,4
9893,10
9894,4
9895,10
9896,4
9897,5
9898,6
9899,9
9900,10
9901,6
9902,4
9903,4
9904,6
9905,6
9906,9
9907,7
9908,1
9909,8
9910,3
9911,5
9912,8
9913,6
9914,5
9915,11
9916,4
9917,6
9918,5
9919,8
9920,8
9921,6
9922,6
9923,3
9924,9
9925,6
9926,7
9927,3
9928,6
9929,2
9930,9
9931,3
9932,5
9933,3
9934,15
9935,10
9936,5
9937,6
9938,6
9939,6
9940,11
9941,5
9942,13
9943,10
9944,3
9945,5
9946,5
9947,10
9948,8
9949,8
9950,10
9951,9
9952,9
9953,4
9954,6
9955,8
9956,7
9957,8
9958,4
9959,6
9960,6
9961,4
9962,6
9963,7
9964,7
9965,7
9966,8
9967,9
9968,6
9969,9
9970,2
9971,6
9972,4
9973,7
9974,3
9975,9
9976,6
9977,6
9978,7
9979,10
9980,9
9981,9
9982,7
9983,8
9984,7
9985,9
9986,4
9987,9
9988,7
9989,9
9990,10
9991,9
9992,4
9993,9
9994,7
9995,1
9996,4
9997,3
9998,9
9999,2
10000,6
10001,10
10002,10
10003,5
10004,7
10005,14
10006,8
10007,5
10008,10
10009,8
10010,10
10011,6
10012,10
10013,10
10014,8
10015,5
10016,6
10017,12
10018,13
10019,6
10020,7
10021,5
10022,6
10023,7
10024,6
10025,10
10026,11
10027,4
10028,7
10029,3
10030,12
10031,9
10032,8
10033,3
10034,6
10035,10
10036,10
10037,11
10038,10
10039,5
10040,4
10041,4
10042,5
10043,10
10044,3
10045,5
10046,6
10047,7
10048,7
10049,10
10050,9
10051,5
10052,8
10053,7
10054,7
10055,7
10056,5
10057,10
10058,5
10059,9
10060,5
10061,7
10062,12
10063,5
10064,9
10065,7
10066,10
10067,9
10068,6
10069,8
10070,9
10071,6
10072,8
10073,8
10074,4
10075,8
10076,8
10077,9
10078,9
10079,4
10080,7
10081,5
10082,6
10083,8
10084,6
10085,8
10086,8
10087,5
10088,11
10089,5
10090,5
10091,2
10092,8
10093,7
10094,4
10095,8
10096,6
10097,11
10098,8
10099,7
10100,6
10101,8
10102,6
10103,5
10104,2
10105,7
10106,4
10107,6
10108,4
10109,6
10110,6
10111,8
10112,11
10113,5
10114,8
10115,10
10116,6
10117,5
10118,5
10119,6
10120,4
10121,9
10122,12
10123,9
10124,8
10125,2
10126,3
10127,7
10128,4
10129,4
10130,6
10131,8
10132,3
10133,8
10134,5
10135,4
10136,4
10137,6
10138,5
10139,4
10140,4
10141,5
10142,7
10143,6
10144,10
10145,9
10146,7
10147,3
10148,9
10149,7
10150,7
10151,9
10152,5
10153,7
10154,5
10155,8
10156,4
10157,10
10158,6
10159,4
10160,7
10161,7
10162,5
10163,8
10164,5
10165,6
10166,7
10167,4
10168,10
10169,5
10170,2
10171,7
10172,6
10173,6
10174,8
10175,7
10176,6
10177,5
10178,14
10179,8
10180,7
10181,8
10182,10
10183,7
10184,7
10185,10
10186,5
10187,5
10188,5
10189,5
10190,4
10191,6
10192,10
10193,1
10194,7
10195,7
10196,14
10197,7
10198,5
10199,4
10200,6
10201,8
10202,7
10203,8
10204,4
10205,9
10206,9
10207,4
10208,10
10209,3
10210,7
10211,3
10212,9
10213,11
10214,6
10215,11
10216,10
10217,3
10218,5
10219,4
10220,7
10221,6
10222,10
10223,5
10224,8
10225,6
10226,5
10227,4
10228,11
10229,7
10230,2
10231,7
10232,6
10233,11
10234,6
10235,7
10236,9
10237,4
10238,6
10239,5
10240,2
10241,4
10242,6
10243,10
10244,9
10245,9
10246,6
10247,10
10248,5
10249,5
10250,7
10251,11
10252,10
10253,6
10254,8
10255,7
10256,8
10257,5
10258,5
10259,2
10260,7
10261,7
10262,5
10263,5
10264,4
10265,4
10266,6
10267,15
10268,4
10269,2
10270,3
10271,8
10272,7
10273,7
10274,9
10275,10
10276,5
10277,3
10278,9
10279,7
10280,8
10281,9
10282,3
10283,5
10284,6
10285,10
10286,8
10287,5
10288,10
10289,4
10290,5
10291,10
10292,8
10293,6
10294,6
10295,7
10296,7
10297,8
10298,15
10299,7
10300,4
10301,7
10302,9
10303,10
10304,6
10305,5
10306,10
10307,11
10308,7
10309,5
10310,1
10311,9
10312,13
10313,4
10314,11
10315,9
10316,7
10317,6
10318,9
10319,6
10320,4
10321,7
10322,3
10323,6
10324,5
10325,8
10326,10
10327,8
10328,7
10329,9
10330,9
10331,4
10332,9
10333,6
10334,9
10335,6
10336,9
10337,7
10338,5
10339,9
10340,9
10341,8
10342,7
10343,8
10344,6
10345,4
10346,9
10347,8
10348,6
10349,9
10350,8
10351,5
10352,5
10353,8
10354,5
10355,6
10356,5
10357,9
10358,8
10359,7
10360,6
10361,11
10362,3
10363,6
10364,7
10365,5
10366,4
10367,10
10368,5
10369,10
10370,10
10371,12
10372,5
10373,9
10374,5
10375,3
10376,6
10377,12
10378,8
10379,10
10380,7
10381,7
10382,9
10383,3
10384,7
10385,9
10386,7
10387,3
10388,6
10389,6
10390,8
10391,6
10392,5
10393,5
10394,8
10395,2
10396,7
10397,5
10398,3
10399,6
10400,5
10401,6
10402,11
10403,6
10404,7
10405,9
10406,4
10407,8
10408,7
10409,5
10410,5
10411,9
10412,9
10413,7
10414,5
10415,7
10416,8
10417,3
10418,6
10419,9
10420,11
10421,9
10422,8
10423,7
10424,7
10425,10
10426,7
10427,9
10428,8
10429,6
10430,8
10431,2
10432,7
10433,14
10434,6
10435,6
10436,7
10437,6
10438,8
10439,3
10440,9
10441,7
10442,8
10443,7
10444,8
10445,9
10446,9
10447,4
10448,7
10449,7
10450,6
10451,9
10452,6
10453,6
10454,4
10455,9
10456,14
10457,6
10458,9
10459,6
10460,6
10461,3
10462,7
10463,13
10464,2
10465,10
10466,6
10467,6
10468,3
10469,4
10470,8
10471,7
10472,9
10473,3
10474,5
10475,10
10476,7
10477,9
10478,4
10479,5
10480,15
10481,3
10482,4
10483,8
10484,7
10485,7
10486,7
10487,13
10488,5
10489,7
10490,4
10491,7
10492,9
10493,3
10494,7
10495,11
10496,3
10497,6
10498,6
10499,7
10500,9
10501,6
10502,5
10503,7
10504,3
10505,4
10506,6
10507,11
10508,9
10509,7
10510,5
10511,4
10512,6
10513,4
10514,6
10515,4
10516,7
10517,8
10518,9
10519,10
10520,8
10521,4
10522,6
10523,2
10524,10
10525,6
10526,8
10527,7
10528,7
10529,5
10530,8
10531,8
10532,6
10533,10
10534,8
10535,8
10536,8
10537,5
10538,7
10539,4
10540,6
10541,7
10542,6
10543,4
10544,4
10545,6
10546,9
10547,11
10548,10
10549,6
10550,5
10551,9
10552,6
10553,7
10554,7
10555,5
10556,8
10557,4
10558,5
10559,10
10560,3
10561,5
10562,7
10563,9
10564,4
10565,7
10566,4
10567,9
10568,4
10569,5
10570,8
10571,5
10572,7
10573,8
10574,9
10575,10
10576,5
10577,5
10578,7
10579,7
10580,5
10581,10
10582,8
10583,6
10584,8
10585,4
10586,4
10587,5
10588,4
10589,8
10590,14
10591,7
10592,6
10593,6
10594,6
10595,2
10596,9
10597,7
10598,5
10599,4
10600,5
10601,6
10602,7
10603,8
10604,7
10605,5
10606,4
10607,14
10608,9
10609,15
10610,5
10611,3
10612,6
10613,6
10614,12
10615,5
10616,10
10617,8
10618,8
10619,5
10620,5
10621,5
10622,4
10623,10
10624,6
10625,6
10626,2
10627,7
10628,5
10629,12
10630,5
10631,3
10632,6
10633,9
10634,7
10635,9
10636,7
10637,7
10638,8
10639,7
10640,4
10641,7
10642,4
10643,10
10644,9
10645,1
10646,4
10647,7
10648,3
10649,15
10650,9
10651,7
10652,6
10653,8
10654,6
10655,5
10656,11
10657,3
10658,7
10659,11
10660,9
10661,9
10662,9
10663,8
10664,6
10665,2
10666,8
10667,6
10668,6
10669,7
10670,5
10671,10
10672,6
10673,3
10674,5
10675,10
10676,9
10677,5
10678,8
10679,9
10680,9
10681,6
10682,3
10683,5
10684,6
10685,17
10686,5
10687,2
10688,7
10689,7
10690,6
10691,11
10692,6
10693,5
10694,4
10695,9
10696,6
10697,6
10698,5
10699,10
10700,4
10701,6
10702,6
10703,7
10704,5
10705,9
10706,2
10707,5
10708,6
10709,8
10710,7
10711,12
10712,7
10713,15
10714,4
10715,2
10716,5
10717,10
10718,12
10719,5
10720,6
10721,11
10722,8
10723,2
10724,7
10725,10
10726,8
10727,3
10728,9
10729,9
10730,7
10731,12
10732,7
10733,8
10734,8
10735,5
10736,10
10737,9
10738,6
10739,10
10740,12
10741,7
10742,4
10743,7
10744,7
10745,10
10746,6
10747,6
10748,5
10749,4
10750,10
10751,8
10752,2
10753,7
10754,7
10755,3
10756,8
10757,11
10758,5
10759,7
10760,5
10761,7
10762,5
10763,6
10764,6
10765,10
10766,7
10767,4
10768,7
10769,7
10770,10
10771,4
10772,5
10773,4
10774,5
10775,4
10776,6
10777,3
10778,14
10779,6
10780,6
10781,5
10782,12
10783,8
10784,7
10785,7
10786,7
10787,7
10788,6
10789,6
10790,9
10791,5
10792,4
10793,5
10794,3
10795,7
10796,11
10797,9
10798,8
10799,8
10800,10
10801,6
10802,4
10803,5
10804,6
10805,9
10806,10
10807,7
10808,9
10809,8
10810,7
10811,5
10812,6
10813,8
10814,10
10815,7
10816,8
10817,9
10818,5
10819,2
10820,8
10821,3
10822,10
10823,6
10824,10
10825,5
10826,4
10827,5
10828,2
10829,10
10830,9
10831,8
10832,9
10833,12
10834,6
10835,9
10836,9
10837,5
10838,10
10839,4
10840,6
10841,10
10842,10
10843,9
10844,5
10845,10
10846,8
10847,11
10848,4
10849,12
10850,9
10851,8
10852,9
10853,6
10854,4
10855,6
10856,6
10857,6
10858,6
10859,10
10860,7
10861,8
10862,4
10863,5
10864,3
10865,7
10866,1
10867,6
10868,2
10869,8
10870,6
10871,9
10872,7
10873,10
10874,7
10875,7
10876,5
10877,9
10878,8
10879,14
10880,10
10881,7
10882,5
10883,5
10884,7
10885,7
10886,7
10887,12
10888,7
10889,8
10890,7
10891,10
10892,11
10893,8
10894,9
10895,7
10896,5
10897,4
10898,8
10899,6
10900,4
10901,8
10902,5
10903,12
10904,5
10905,6
10906,8
10907,2
10908,5
10909,9
10910,8
10911,5
10912,5
10913,5
10914,8
10915,6
10916,5
10917,9
10918,8
10919,5
10920,9
10921,9
10922,7
10923,7
10924,6
10925,12
10926,8
10927,10
10928,7
10929,5
10930,3
10931,6
10932,8
10933,10
10934,12
10935,5
10936,4
10937,13
10938,2
10939,9
10940,4
10941,8
10942,4
10943,14
10944,2
10945,8
10946,6
10947,8
10948,5
10949,4
10950,7
10951,5
10952,9
10953,5
10954,8
10955,3
10956,8
10957,5
10958,6
10959,4
10960,9
10961,5
10962,5
10963,7
10964,5
10965,12
10966,4
10967,5
10968,1
10969,10
10970,1
10971,3
10972,6
10973,8
10974,8
10975,10
10976,6
10977,10
10978,7
10979,5
10980,4
10981,3
10982,4
10983,9
10984,8
10985,10
10986,10
10987,6
10988,10
10989,4
10990,8
10991,6
10992,3
10993,7
10994,7
10995,9
10996,8
10997,6
10998,8
10999,6
11000,2
11001,5
11002,7
11003,5
11004,4
11005,6
11006,9
11007,13
11008,8
11009,4
11010,10
11011,6
11012,9
11013,6
11014,9
11015,6
11016,7
11017,7
11018,6
11019,6
11020,6
11021,6
11022,9
11023,6
11024,9
11025,7
11026,6
11027,5
11028,6
11029,8
11030,3
11031,9
11032,5
11033,11
11034,7
11035,6
11036,5
11037,10
11038,6
11039,3
11040,5
11041,6
11042,10
11043,8
11044,5
11045,8
11046,7
11047,7
11048,7
11049,8
11050,6
11051,10
11052,5
11053,7
11054,9
11055,7
11056,13
11057,5
11058,7
11059,7
11060,7
11061,8
11062,7
11063,6
11064,9
11065,6
11066,5
11067,3
11068,11
11069,6
11070,7
11071,8
11072,5
11073,1
11074,4
11075,5
11076,4
11077,10
11078,4
11079,9
11080,6
11081,3
11082,6
11083,9
11084,9
11085,2
11086,3
11087,12
11088,6
11089,9
11090,4
11091,5
11092,4
11093,7
11094,5
11095,7
11096,4
11097,9
11098,7
11099,5
11100,6
11101,5
11102,4
11103,8
11104,4
11105,4
11106,6
11107,10
11108,6
11109,7
11110,5
11111,11
11112,17
11113,3
11114,8
11115,11
11116,6
11117,5
11118,5
11119,8
11120,4
11121,4
11122,6
11123,5
11124,9
11125,15
11126,3
11127,6
11128,10
11129,13
11130,8
11131,7
11132,6
11133,2
11134,4
11135,3
11136,9
11137,4
11138,9
11139,5
11140,9
11141,3
11142,3
11143,3
11144,3
11145,5
11146,7
11147,9
11148,2
11149,8
11150,4
11151,10
11152,7
11153,3
11154,8
11155,8
11156,5
11157,4
11158,9
11159,6
11160,11
11161,8
11162,5
11163,5
11164,3
11165,2
11166,9
11167,6
11168,7
11169,6
11170,8
11171,5
11172,7
11173,8
11174,8
11175,8
11176,6
11177,5
11178,8
11179,7
11180,6
11181,7
11182,6
11183,7
11184,7
11185,7
11186,7
11187,7
11188,8
11189,10
11190,6
11191,10
11192,4
11193,8
11194,5
11195,3
11196,7
11197,3
11198,5
11199,17
11200,4
11201,3
11202,9
11203,13
11204,5
11205,5
11206,7
11207,9
11208,5
11209,5
11210,11
11211,10
11212,5
11213,5
11214,4
11215,10
11216,4
11217,4
11218,12
11219,6
11220,6
11221,8
11222,4
11223,5
11224,8
11225,8
11226,8
11227,3
11228,8
11229,5
11230,9
11231,7
11232,6
11233,3
11234,5
11235,9
11236,7
11237,3
11238,9
11239,10
11240,8
11241,6
11242,6
11243,8
11244,5
11245,5
11246,7
11247,9
11248,12
11249,8
11250,6
11251,7
11252,5
11253,9
11254,10
11255,3
11256,6
11257,5
11258,6
11259,4
11260,7
11261,5
11262,8
11263,13
11264,11
11265,10
11266,7
11267,6
11268,9
11269,7
11270,5
11271,8
11272,6
11273,7
11274,12
11275,10
11276,1
11277,3
11278,4
11279,7
11280,10
11281,9
11282,4
11283,7
11284,8
11285,5
11286,7
11287,7
11288,4
11289,9
11290,9
11291,5
11292,2
11293,6
11294,4
11295,16
11296,9
11297,8
11298,3
11299,6
11300,10
11301,7
11302,6
11303,7
11304,10
11305,7
11306,6
11307,10
11308,11
11309,7
11310,6
11311,7
11312,12
11313,11
11314,7
11315,7
11316,7
11317,4
11318,6
11319,8
11320,5
11321,6
11322,5
11323,10
11324,6
11325,8
11326,5
11327,2
11328,4
11329,6
11330,6
11331,5
11332,10
11333,5
11334,9
11335,4
11336,6
11337,1
11338,11
11339,10
11340,4
11341,6
11342,7
11343,5
11344,7
11345,7
11346,8
11347,7
11348,6
11349,5
11350,9
11351,7
11352,5
11353,8
11354,11
11355,4
11356,12
11357,3
11358,5
11359,11
11360,9
11361,11
11362,6
11363,8
11364,10
11365,11
11366,4
11367,10
11368,7
11369,3
11370,9
11371,5
11372,4
11373,7
11374,7
11375,2
11376,4
11377,8
11378,8
11379,7
11380,5
11381,6
11382,5
11383,5
11384,10
11385,6
11386,2
11387,8
11388,8
11389,7
11390,7
11391,11
11392,4
11393,6
11394,8
11395,5
11396,7
11397,10
11398,6
11399,2
11400,10
11401,8
11402,7
11403,3
11404,8
11405,8
11406,3
11407,10
11408,6
11409,13
11410,5
11411,2
11412,5
11413,9
11414,12
11415,11
11416,6
11417,8
11418,9
11419,7
11420,8
11421,6
11422,6
11423,11
11424,6
11425,12
11426,8
11427,4
11428,8
11429,7
11430,7
11431,5
11432,4
11433,6
11434,7
11435,9
11436,5
11437,7
11438,7
11439,10
11440,11
11441,7
11442,6
11443,4
11444,5
11445,6
11446,6
11447,2
11448,5
11449,4
11450,9
11451,5
11452,5
11453,12
11454,3
11455,5
11456,9
11457,11
11458,5
11459,4
11460,6
11461,5
11462,4
11463,3
11464,5
11465,3
11466,5
11467,5
11468,7
11469,5
11470,1
11471,6
11472,8
11473,6
11474,3
11475,5
11476,10
11477,7
11478,6
11479,7
11480,7
11481,5
11482,8
11483,4
11484,9
11485,6
11486,6
11487,7
11488,5
11489,9
11490,8
11491,6
11492,7
11493,8
11494,13
11495,6
11496,10
11497,9
11498,4
11499,3
11500,7
11501,6
11502,5
11503,11
11504,8
11505,10
11506,5
11507,9
11508,6
11509,10
11510,4
11511,6
11512,3
11513,3
11514,12
11515,5
11516,5
11517,9
11518,5
11519,4
11520,12
11521,4
11522,6
11523,9
11524,4
11525,6
11526,5
11527,6
11528,3
11529,12
11530,9
11531,5
11532,10
11533,7
11534,6
11535,5
11536,12
11537,10
11538,6
11539,9
11540,7
11541,13
11542,7
11543,9
11544,3
11545,1
11546,9
11547,6
11548,4
11549,4
11550,3
11551,8
11552,5
11553,7
11554,5
11555,8
11556,7
11557,8
11558,4
11559,6
11560,10
11561,8
11562,9
11563,10
11564,4
11565,8
11566,8
11567,4
11568,7
11569,5
11570,8
11571,1
11572,8
11573,6
11574,6
11575,7
11576,6
11577,9
11578,4
11579,7
11580,7
11581,7
11582,8
11583,4
11584,11
11585,7
11586,8
11587,8
11588,5
11589,6
11590,5
11591,3
11592,7
11593,2
11594,13
11595,8
11596,6
11597,8
11598,6
11599,8
11600,6
11601,8
11602,6
11603,5
11604,7
11605,6
11606,10
11607,9
11608,4
11609,9
11610,8
11611,6
11612,5
11613,12
11614,6
11615,8
11616,4
11617,9
11618,10
11619,6
11620,9
11621,6
11622,7
11623,9
11624,4
11625,7
11626,4
11627,7
11628,11
11629,7
11630,6
11631,7
11632,7
11633,4
11634,6
11635,4
11636,7
11637,3
11638,9
11639,12
11640,2
11641,14
11642,3
11643,7
11644,8
11645,3
11646,8
11647,4
11648,9
11649,8
11650,9
11651,13
11652,8
11653,9
11654,9
11655,5
11656,8
11657,6
11658,5
11659,8
11660,3
11661,11
11662,5
11663,14
11664,6
11665,9
11666,4
11667,8
11668,5
11669,4
11670,6
11671,12
11672,9
11673,7
11674,5
11675,12
11676,6
11677,5
11678,11
11679,10
11680,8
11681,3
11682,8
11683,10
11684,10
11685,7
11686,4
11687,6
11688,7
11689,9
11690,9
11691,4
11692,3
11693,6
11694,10
11695,5
11696,6
11697,5
11698,10
11699,4
11700,8
11701,10
11702,10
11703,7
11704,11
11705,6
11706,3
11707,6
11708,9
11709,6
11710,7
11711,6
11712,9
11713,7
11714,12
11715,8
11716,6
11717,7
11718,5
11719,5
11720,4
11721,8
11722,3
11723,8
11724,6
11725,10
11726,8
11727,6
11728,9
11729,14
11730,6
11731,7
11732,9
11733,6
11734,9
11735,6
11736,10
11737,8
11738,1
11739,4
11740,8
11741,14
11742,8
11743,5
11744,4
11745,3
11746,7
11747,5
11748,4
11749,8
11750,6
11751,6
11752,5
11753,6
11754,9
11755,8
11756,8
11757,6
11758,6
11759,12
11760,7
11761,13
11762,5
11763,5
11764,5
11765,13
11766,5
11767,7
11768,4
11769,6
11770,4
11771,4
11772,7
11773,6
11774,12
11775,10
11776,5
11777,4
11778,4
11779,5
11780,5
11781,7
11782,8
11783,8
11784,8
11785,11
11786,4
11787,8
11788,4
11789,8
11790,5
11791,13
11792,7
11793,9
11794,7
11795,6
11796,10
11797,10
11798,10
11799,7
11800,11
11801,7
11802,7
11803,6
11804,10
11805,4
11806,3
11807,7
11808,7
11809,5
11810,9
11811,3
11812,5
11813,6
11814,9
11815,7
11816,6
11817,10
11818,5
11819,9
11820,6
11821,7
11822,4
11823,7
11824,5
11825,8
11826,5
11827,6
11828,3
11829,5
11830,8
11831,6
11832,5
11833,3
11834,9
11835,6
11836,7
11837,10
11838,5
11839,7
11840,6
11841,9
11842,8
11843,6
11844,6
11845,4
11846,6
11847,7
11848,9
11849,6
11850,4
11851,4
11852,10
11853,11
11854,5
11855,8
11856,5
11857,7
11858,8
11859,6
11860,13
11861,5
11862,10
11863,7
11864,6
11865,6
11866,10
11867,7
11868,6
11869,10
11870,4
11871,4
11872,2
11873,1
11874,7
11875,7
11876,12
11877,4
11878,8
11879,5
11880,7
11881,3
11882,7
11883,7
11884,8
11885,7
11886,7
11887,7
11888,8
11889,3
11890,6
11891,7
11892,5
11893,2
11894,5
11895,3
11896,5
11897,14
11898,8
11899,10
11900,7
11901,4
11902,5
11903,7
11904,7
11905,8
11906,4
11907,9
11908,6
11909,4
11910,9
11911,7
11912,9
11913,1
11914,6
11915,6
11916,8
11917,4
11918,7
11919,4
11920,8
11921,12
11922,5
11923,11
11924,8
11925,7
11926,5
11927,4
11928,4
11929,6
11930,6
11931,7
11932,5
11933,3
11934,2
11935,9
11936,13
11937,6
11938,7
11939,7
11940,3
11941,3
11942,7
11943,6
11944,10
11945,10
11946,11
11947,7
11948,4
11949,8
11950,5
11951,12
11952,3
11953,3
11954,11
11955,12
11956,7
11957,5
11958,5
11959,8
11960,8
11961,7
11962,10
11963,8
11964,8
11965,3
11966,3
11967,10
11968,4
11969,8
11970,6
11971,6
11972,6
11973,10
11974,5
11975,4
11976,7
11977,3
11978,6
11979,4
11980,10
11981,13
11982,5
11983,10
11984,6
11985,3
11986,6
11987,10
11988,3
11989,2
11990,3
11991,8
11992,6
11993,6
11994,5
11995,5
11996,9
11997,6
11998,4
11999,8
12000,7
12001,8
12002,6
12003,8
12004,9
12005,7
12006,10
12007,10
12008,9
12009,5
12010,5
12011,5
12012,4
12013,6
12014,4
12015,8
12016,10
12017,9
12018,5
12019,8
12020,6
12021,7
12022,8
12023,11
12024,6
12025,7
12026,5
12027,10
12028,4
12029,8
12030,10
12031,3
12032,11
12033,8
12034,12
12035,8
12036,9
12037,8
12038,1
12039,10
12040,7
12041,7
12042,9
12043,12
12044,7
12045,9
12046,10
12047,5
12048,5
12049,6
12050,6
12051,8
12052,9
12053,10
12054,9
12055,7
12056,8
12057,4
12058,6
12059,11
12060,6
12061,7
12062,4
12063,9
12064,8
12065,3
12066,7
12067,4
12068,7
12069,11
12070,5
12071,7
12072,13
12073,5
12074,5
12075,3
12076,5
12077,9
12078,14
12079,5
12080,8
12081,12
12082,9
12083,4
12084,4
12085,10
12086,8
12087,5
12088,7
12089,9
12090,6
12091,12
12092,5
12093,5
12094,6
12095,9
12096,5
12097,9
12098,7
12099,3
12100,6
12101,11
12102,5
12103,4
12104,6
12105,4
12106,5
12107,6
12108,7
12109,7
12110,7
12111,6
12112,10
12113,5
12114,5
12115,6
12116,1
12117,6
12118,5
12119,4
12120,10
12121,7
12122,6
12123,10
12124,9
12125,6
12126,5
12127,7
12128,3
12129,6
12130,5
12131,4
12132,8
12133,6
12134,13
12135,11
12136,3
12137,5
12138,6
12139,8
12140,5
12141,8
12142,7
12143,8
12144,5
12145,11
12146,8
12147,6
12148,10
12149,3
12150,7
12151,10
12152,6
12153,7
12154,7
12155,3
12156,7
12157,8
12158,9
12159,3
12160,12
12161,4
12162,9
12163,5
12164,10
12165,6
12166,4
12167,11
12168,5
12169,7
12170,7
12171,3
12172,7
12173,7
12174,7
12175,9
12176,8
12177,9
12178,4
12179,7
12180,3
12181,9
12182,4
12183,9
12184,6
12185,7
12186,2
12187,8
12188,6
12189,8
12190,5
12191,5
12192,13
12193,6
12194,4
12195,6
12196,9
12197,4
12198,9
12199,5
12200,4
12201,4
12202,7
12203,2
12204,5
12205,6
12206,5
12207,10
12208,10
12209,10
12210,8
12211,8
12212,8
12213,6
12214,7
12215,9
12216,4
12217,9
12218,6
12219,11
12220,6
12221,6
12222,6
12223,4
12224,6
12225,5
12226,7
12227,10
12228,10
12229,7
12230,6
12231,10
12232,5
12233,13
12234,9
12235,6
12236,8
12237,8
12238,6
12239,3
12240,2
12241,8
12242,8
12243,9
12244,4
12245,4
12246,6
12247,10
12248,6
12249,6
12250,3
12251,6
12252,2
12253,8
12254,9
12255,8
12256,8
12257,9
12258,5
12259,11
12260,2
12261,6
12262,4
12263,5
12264,2
12265,9
12266,15
12267,13
12268,17
12269,7
12270,4
12271,6
12272,6
12273,5
12274,8
12275,6
12276,7
12277,13
12278,13
12279,5
12280,10
12281,7
12282,11
12283,7
12284,9
12285,6
12286,8
12287,5
12288,7
12289,7
12290,2
12291,5
12292,2
12293,6
12294,7
12295,4
12296,12
12297,9
12298,2
12299,6
12300,5
12301,5
12302,5
12303,4
12304,3
12305,8
12306,10
12307,8
12308,6
12309,4
12310,13
12311,6
12312,7
12313,8
12314,8
12315,11
12316,3
12317,8
12318,6
12319,5
12320,5
12321,8
12322,7
12323,6
12324,6
12325,4
12326,4
12327,8
12328,9
12329,9
12330,6
12331,4
12332,7
12333,3
12334,7
12335,4
12336,5
12337,8
12338,4
12339,7
12340,9
12341,2
12342,5
12343,5
12344,6
12345,6
12346,9
12347,6
12348,7
12349,6
12350,7
12351,5
12352,5
12353,7
12354,8
12355,6
12356,10
12357,4
12358,7
12359,7
12360,7
12361,8
12362,6
12363,10
12364,2
12365,10
12366,5
12367,8
12368,6
12369,4
12370,9
12371,7
12372,9
12373,12
12374,7
12375,8
12376,10
12377,11
12378,5
12379,10
12380,10
12381,6
12382,4
12383,11
12384,3
12385,9
12386,14
12387,8
12388,9
12389,7
12390,8
12391,9
12392,6
12393,8
12394,6
12395,6
12396,7
12397,5
12398,8
12399,7
12400,7
12401,8
12402,7
12403,4
12404,11
12405,10
12406,7
12407,8
12408,5
12409,8
12410,4
12411,6
12412,7
12413,6
12414,13
12415,2
12416,9
12417,7
12418,6
12419,9
12420,4
12421,8
12422,6
12423,2
12424,4
12425,4
12426,3
12427,6
12428,15
12429,9
12430,10
12431,7
12432,6
12433,5
12434,5
12435,10
12436,8
12437,4
12438,7
12439,12
12440,7
12441,13
12442,15
12443,10
12444,12
12445,7
12446,7
12447,8
12448,12
12449,3
12450,8
12451,11
12452,8
12453,5
12454,4
12455,11
12456,8
12457,8
12458,3
12459,2
12460,11
12461,6
12462,6
12463,10
12464,7
12465,3
12466,4
12467,12
12468,8
12469,7
12470,10
12471,6
12472,6
12473,4
12474,12
12475,9
12476,6
12477,9
12478,6
12479,6
12480,5
12481,6
12482,10
12483,8
12484,11
12485,4
12486,12
12487,2
12488,7
12489,7
12490,5
12491,6
12492,4
12493,8
12494,8
12495,5
12496,7
12497,8
12498,9
12499,3
12500,5
12501,13
12502,9
12503,4
12504,9
12505,7
12506,5
12507,3
12508,8
12509,8
12510,8
12511,9
12512,9
12513,4
12514,7
12515,6
12516,5
12517,8
12518,8
12519,10
12520,6
12521,7
12522,10
12523,6
12524,16
12525,7
12526,8
12527,8
12528,5
12529,6
12530,6
12531,3
12532,8
12533,8
12534,12
12535,7
12536,5
12537,9
12538,7
12539,7
12540,2
12541,6
12542,5
12543,10
12544,4
12545,7
12546,8
12547,5
12548,9
12549,5
12550,7
12551,9
12552,7
12553,5
12554,3
12555,10
12556,7
12557,10
12558,12
12559,5
12560,6
12561,6
12562,4
12563,8
12564,2
12565,7
12566,3
12567,6
12568,15
12569,6
12570,8
12571,9
12572,4
12573,8
12574,9
12575,5
12576,8
12577,5
12578,7
12579,5
12580,8
12581,8
12582,7
12583,8
12584,12
12585,2
12586,7
12587,7
12588,6
12589,6
12590,9
12591,7
12592,4
12593,3
12594,14
12595,12
12596,6
12597,3
12598,9
12599,6
12600,4
12601,7
12602,5
12603,5
12604,5
12605,7
12606,7
12607,8
12608,4
12609,4
12610,8
12611,5
12612,8
12613,9
12614,9
12615,8
12616,8
12617,6
12618,4
12619,7
12620,14
12621,5
12622,7
12623,6
12624,4
12625,6
12626,8
12627,5
12628,9
12629,10
12630,4
12631,5
12632,8
12633,7
12634,8
12635,9
12636,10
12637,10
12638,6
12639,7
12640,8
12641,8
12642,6
12643,9
12644,9
12645,4
12646,5
12647,6
12648,12
12649,8
12650,12
12651,7
12652,8
12653,7
12654,7
12655,3
12656,6
12657,3
12658,10
12659,6
12660,5
12661,12
12662,11
12663,6
12664,10
12665,6
12666,8
12667,3
12668,6
12669,5
12670,7
12671,7
12672,5
12673,10
12674,3
12675,7
12676,5
12677,6
12678,6
12679,6
12680,8
12681,9
12682,8
12683,11
12684,5
12685,5
12686,7
12687,10
12688,11
12689,4
12690,5
12691,5
12692,11
12693,5
12694,4
12695,9
12696,9
12697,5
12698,5
12699,7
12700,3
12701,4
12702,9
12703,7
12704,10
12705,10
12706,12
12707,5
12708,7
12709,5
12710,7
12711,7
12712,6
12713,10
12714,12
12715,7
12716,7
12717,3
12718,6
12719,1
12720,6
12721,11
12722,9
12723,11
12724,6
12725,7
12726,7
12727,3
12728,8
12729,4
12730,6
12731,5
12732,6
12733,5
12734,7
12735,7
12736,7
12737,6
12738,9
12739,13
12740,6
12741,4
12742,5
12743,11
12744,12
12745,9
12746,4
12747,7
12748,6
12749,9
12750,2
12751,9
12752,6
12753,12
12754,6
12755,4
12756,8
12757,5
12758,5
12759,6
12760,8
12761,5
12762,2
12763,9
12764,5
12765,5
12766,9
12767,8
12768,10
12769,6
12770,5
12771,8
12772,9
12773,6
12774,7
12775,12
12776,8
12777,9
12778,5
12779,6
12780,6
12781,5
12782,4
12783,5
12784,7
12785,6
12786,7
12787,10
12788,10
12789,7
12790,4
12791,9
12792,3
12793,8
12794,9
12795,7
12796,7
12797,7
12798,5
12799,6
12800,2
12801,9
12802,4
12803,3
12804,6
12805,5
12806,1
12807,8
12808,11
12809,6
12810,5
12811,8
12812,5
12813,7
12814,8
12815,9
12816,2
12817,5
12818,5
12819,6
12820,4
12821,9
12822,5
12823,7
12824,4
12825,7
12826,6
12827,9
12828,7
12829,6
12830,7
12831,6
12832,7
12833,9
12834,12
12835,11
12836,6
12837,8
12838,3
12839,7
12840,10
12841,9
12842,7
12843,9
12844,5
12845,2
12846,8
12847,3
12848,5
12849,3
12850,7
12851,5
12852,8
12853,8
12854,8
12855,7
12856,6
12857,5
12858,9
12859,6
12860,9
12861,7
12862,8
12863,8
12864,8
12865,6
12866,8
12867,12
12868,7
12869,3
12870,6
12871,10
12872,9
12873,8
12874,6
12875,7
12876,5
12877,7
12878,6
12879,8
12880,9
12881,9
12882,5
12883,7
12884,3
12885,9
12886,13
12887,5
12888,5
12889,10
12890,5
12891,7
12892,8
12893,8
12894,6
12895,5
12896,9
12897,3
12898,5
12899,5
12900,9
12901,5
12902,12
12903,2
12904,4
12905,6
12906,6
12907,10
12908,5
12909,5
12910,1
12911,8
12912,6
12913,7
12914,6
12915,7
12916,9
12917,5
12918,9
12919,6
12920,5
12921,10
12922,10
12923,8
12924,10
12925,8
12926,7
12927,11
12928,8
12929,3
12930,9
12931,8
12932,7
12933,7
12934,6
12935,8
12936,3
12937,5
12938,6
12939,6
12940,7
12941,3
12942,4
12943,4
12944,9
12945,7
12946,8
12947,10
12948,6
12949,13
12950,8
12951,7
12952,9
12953,10
12954,5
12955,7
12956,3
12957,11
12958,8
12959,12
12960,6
12961,3
12962,7
12963,9
12964,8
12965,2
12966,9
12967,7
12968,7
12969,8
12970,7
12971,9
12972,4
12973,4
12974,8
12975,1
12976,7
12977,13
12978,8
12979,8
12980,8
12981,10
12982,10
12983,8
12984,12
12985,8
12986,7
12987,6
12988,3
12989,5
12990,5
12991,4
12992,11
12993,10
12994,5
12995,7
12996,6
12997,2
12998,10
12999,5
13000,8
13001,6
13002,9
13003,9
13004,5
13005,3
13006,9
13007,11
13008,5
13009,5
13010,4
13011,10
13012,3
13013,9
13014,8
13015,13
13016,4
13017,5
13018,2
13019,8
13020,10
13021,11
13022,7
13023,9
13024,6
13025,9
13026,11
13027,9
13028,7
13029,5
13030,3
13031,4
13032,8
13033,10
13034,6
13035,6
13036,6
13037,8
13038,4
13039,11
13040,9
13041,6
13042,4
13043,8
13044,5
13045,3
13046,6
13047,6
13048,5
13049,6
13050,7
13051,3
13052,13
13053,9
13054,3
13055,6
13056,12
13057,2
13058,5
13059,4
13060,3
13061,6
13062,6
13063,6
13064,10
13065,8
13066,10
13067,11
13068,4
13069,4
13070,8
13071,4
13072,6
13073,9
13074,7
13075,10
13076,12
13077,4
13078,7
13079,6
13080,10
13081,7
13082,13
13083,10
13084,14
13085,9
13086,9
13087,12
13088,11
13089,6
13090,8
13091,8
13092,6
13093,6
13094,3
13095,4
13096,8
13097,6
13098,5
13099,3
13100,7
13101,7
13102,6
13103,6
13104,4
13105,7
13106,7
13107,6
13108,4
13109,3
13110,11
13111,6
13112,6
13113,6
13114,2
13115,10
13116,7
13117,12
13118,6
13119,7
13120,5
13121,5
13122,5
13123,8
13124,12
13125,8
13126,6
13127,9
13128,6
13129,7
13130,10
13131,4
13132,9
13133,8
13134,12
13135,13
13136,4
13137,5
13138,7
13139,11
13140,9
13141,9
13142,6
13143,3
13144,4
13145,5
13146,4
13147,8
13148,4
13149,6
13150,9
13151,4
13152,10
13153,7
13154,12
13155,7
13156,5
13157,9
13158,7
13159,8
13160,6
13161,6
13162,9
13163,13
13164,6
13165,5
13166,10
13167,10
13168,7
13169,5
13170,10
13171,4
13172,6
13173,8
13174,4
13175,0
13176,9
13177,6
13178,4
13179,6
13180,6
13181,6
13182,9
13183,10
13184,8
13185,7
13186,9
13187,10
13188,6
13189,11
13190,8
13191,3
13192,4
13193,11
13194,9
13195,5
13196,8
13197,3
13198,3
13199,5
13200,4
13201,10
13202,10
13203,10
13204,7
13205,11
13206,6
13207,6
13208,8
13209,6
13210,8
13211,7
13212,8
13213,11
13214,7
13215,11
13216,7
13217,7
13218,5
13219,6
13220,7
13221,12
13222,10
13223,7
13224,7
13225,8
13226,3
13227,3
13228,8
13229,7
13230,11
13231,7
13232,12
13233,4
13234,9
13235,5
13236,8
13237,11
13238,15
13239,6
13240,3
13241,11
13242,10
13243,6
13244,4
13245,11
13246,11
13247,6
13248,7
13249,4
13250,5
13251,6
13252,9
13253,3
13254,2
13255,10
13256,4
13257,9
13258,10
13259,6
13260,8
13261,2
13262,11
13263,13
13264,5
13265,8
13266,5
13267,4
13268,7
13269,8
13270,9
13271,6
13272,8
13273,5
13274,6
13275,6
13276,10
13277,6
13278,7
13279,7
13280,7
13281,4
13282,7
13283,9
13284,6
13285,4
13286,4
13287,4
13288,6
13289,4
13290,7
13291,6
13292,5
13293,10
13294,8
13295,15
13296,7
13297,8
13298,9
13299,8
13300,6
13301,7
13302,11
13303,5
13304,7
13305,6
13306,5
13307,10
13308,9
13309,5
13310,9
13311,4
13312,5
13313,8
13314,11
13315,9
13316,4
13317,6
13318,8
13319,14
13320,9
13321,4
13322,4
13323,6
13324,4
13325,9
13326,2
13327,7
13328,2
13329,6
13330,2
13331,12
13332,5
13333,8
13334,9
13335,6
13336,10
13337,6
13338,9
13339,9
13340,8
13341,5
13342,4
13343,7
13344,8
13345,8
13346,3
13347,4
13348,8
13349,6
13350,6
13351,8
13352,8
13353,3
13354,8
13355,7
13356,6
13357,4
13358,10
13359,10
13360,7
13361,10
13362,6
13363,7
13364,8
13365,5
13366,7
13367,3
13368,6
13369,6
